   1.0000000e+00   1.0000000e+00   1.0000000e+00   1.0000000e+00   1.0000000e+00   1.0000000e+00
   1.1782727e+00   1.0857373e+00   7.4255926e+02   1.0130686e+00   1.0006784e+00   1.0000271e+00
   1.4317395e+00   1.1950234e+00   1.4344214e+03   1.0577327e+00   1.0055855e+00   1.0004435e+00
   1.7607955e+00   1.3358488e+00   2.0953045e+03   1.1399932e+00   1.0196468e+00   1.0021835e+00
   2.1697077e+00   1.5171097e+00   2.7354857e+03   1.2668620e+00   1.0474462e+00   1.0068700e+00
   2.6723092e+00   1.7470993e+00   3.3609419e+03   1.4437129e+00   1.0945432e+00   1.0165255e+00
   3.2817963e+00   2.0370834e+00   3.9753134e+03   1.6797195e+00   1.1657945e+00   1.0338408e+00
   4.0226572e+00   2.3979780e+00   4.5808558e+03   1.9822284e+00   1.2678594e+00   1.0617147e+00
   4.9164177e+00   2.8454248e+00   5.1790192e+03   2.3645671e+00   1.4065662e+00   1.1038682e+00
   5.9950036e+00   3.3961182e+00   5.7707229e+03   2.8397593e+00   1.5898073e+00   1.1642690e+00
   7.2971032e+00   4.0697870e+00   6.3565729e+03   3.4232701e+00   1.8268517e+00   1.2475373e+00
   8.8560066e+00   4.8937393e+00   6.9369577e+03   4.1398798e+00   2.1261588e+00   1.3594833e+00
   1.0734102e+01   5.8929386e+00   7.5121220e+03   5.0070752e+00   2.5025015e+00   1.5058120e+00
   1.2975648e+01   7.1059504e+00   8.0822113e+03   6.0602333e+00   2.9674482e+00   1.6945609e+00
   1.5653997e+01   8.5709863e+00   8.6472860e+03   7.3293405e+00   3.5394639e+00   1.9339247e+00
   1.8850413e+01   1.0333884e+01   9.2073338e+03   8.8511511e+00   4.2395165e+00   2.2338986e+00
   2.2629078e+01   1.2456913e+01   9.7622721e+03   1.0682635e+01   5.0866025e+00   2.6073424e+00
   2.7119237e+01   1.4993998e+01   1.0311915e+04   1.2859960e+01   6.1148869e+00   3.0666983e+00
   3.2397095e+01   1.8028643e+01   1.0855981e+04   1.5459101e+01   7.3498902e+00   3.6299481e+00
   3.8590582e+01   2.1641383e+01   1.1394025e+04   1.8542127e+01   8.8312109e+00   4.3154566e+00
   4.5844269e+01   2.5920343e+01   1.1925396e+04   2.2173764e+01   1.0605609e+01   5.1447339e+00
   5.4222198e+01   3.0990359e+01   1.2449218e+04   2.6467966e+01   1.2708933e+01   6.1463508e+00
   6.3918393e+01   3.6944682e+01   1.2964187e+04   3.1477004e+01   1.5210455e+01   7.3464883e+00
   7.4993274e+01   4.3920971e+01   1.3468609e+04   3.7315613e+01   1.8160775e+01   8.7814767e+00
   8.7499501e+01   5.2056331e+01   1.3960208e+04   4.4088685e+01   2.1620573e+01   1.0490231e+01
   1.0156300e+02   6.1450176e+01   1.4435850e+04   5.1834541e+01   2.5677878e+01   1.2511420e+01
   1.1701266e+02   7.2263106e+01   1.4891798e+04   6.0689142e+01   3.0377431e+01   1.4897868e+01
   1.3379282e+02   8.4576563e+01   1.5323081e+04   7.0663636e+01   3.5804265e+01   1.7696187e+01
   1.5170525e+02   9.8446747e+01   1.5723715e+04   8.1742283e+01   4.2030933e+01   2.0957710e+01
   1.7018548e+02   1.1395514e+02   1.6087095e+04   9.3971632e+01   4.9075272e+01   2.4742896e+01
   1.8888634e+02   1.3101663e+02   1.6405143e+04   1.0716271e+02   5.7003623e+01   2.9096794e+01
   2.0713357e+02   1.4952846e+02   1.6669641e+04   1.2114579e+02   6.5816336e+01   3.4067724e+01
   2.2399264e+02   1.6934951e+02   1.6872445e+04   1.3574382e+02   7.5454744e+01   3.9698141e+01
   2.3887787e+02   1.9012676e+02   1.7004613e+04   1.5050781e+02   8.5885554e+01   4.6006887e+01
   2.5090224e+02   2.1150023e+02   1.7057096e+04   1.6504941e+02   9.6979287e+01   5.3001805e+01
   2.5906446e+02   2.3306203e+02   1.7019636e+04   1.7897547e+02   1.0854027e+02   6.0667848e+01
   2.6273789e+02   2.5419112e+02   1.6875230e+04   1.9163710e+02   1.2038143e+02   6.8957392e+01
   2.6113155e+02   2.7427297e+02   1.6609732e+04   2.0247014e+02   1.3222443e+02   7.7795578e+01
   2.5347707e+02   2.9270635e+02   1.6219195e+04   2.1099549e+02   1.4371797e+02   8.7073489e+01
   2.4044142e+02   3.0875598e+02   1.5731653e+04   2.1657771e+02   1.5452888e+02   9.6642218e+01
   2.2339671e+02   3.2190446e+02   1.5185795e+04   2.1889045e+02   1.6429980e+02   1.0632402e+02
   2.0393381e+02   3.3196368e+02   1.4617454e+04   2.1804563e+02   1.7266459e+02   1.1591553e+02
   1.8387454e+02   3.3889801e+02   1.4050072e+04   2.1428517e+02   1.7937547e+02   1.2519196e+02
   1.6447278e+02   3.4289155e+02   1.3498033e+04   2.0807420e+02   1.8427765e+02   1.3392438e+02
   1.4656275e+02   3.4423831e+02   1.2970496e+04   1.9994621e+02   1.8731001e+02   1.4192377e+02
   1.3051690e+02   3.4331498e+02   1.2472985e+04   1.9047298e+02   1.8850570e+02   1.4901949e+02
   1.1653956e+02   3.4047101e+02   1.2008720e+04   1.8011294e+02   1.8800800e+02   1.5506483e+02
   1.0444561e+02   3.3610434e+02   1.1579546e+04   1.6936489e+02   1.8594960e+02   1.5998190e+02
   9.4085805e+01   3.3053519e+02   1.1185808e+04   1.5856804e+02   1.8253931e+02   1.6372048e+02
   8.5363710e+01   3.2401233e+02   1.0826876e+04   1.4793146e+02   1.7802182e+02   1.6626629e+02
   7.7932182e+01   3.1681612e+02   1.0501871e+04   1.3771589e+02   1.7258528e+02   1.6765310e+02
   7.1632098e+01   3.0913057e+02   1.0209242e+04   1.2802631e+02   1.6645180e+02   1.6793454e+02
   6.6329972e+01   3.0110289e+02   9.9472155e+03   1.1891762e+02   1.5982540e+02   1.6718829e+02
   6.1784217e+01   2.9289019e+02   9.7140783e+03   1.1047340e+02   1.5286297e+02   1.6550998e+02
   5.7908645e+01   2.8458231e+02   9.5078955e+03   1.0268117e+02   1.4572463e+02   1.6300435e+02
   5.4606606e+01   2.7625829e+02   9.3268060e+03   9.5525679e+01   1.3854026e+02   1.5978201e+02
   5.1735573e+01   2.6799977e+02   9.1690965e+03   8.9009874e+01   1.3140749e+02   1.5595306e+02
   4.9255853e+01   2.5984707e+02   9.0330291e+03   8.3084459e+01   1.2441673e+02   1.5162695e+02
   4.7116817e+01   2.5183710e+02   8.9170166e+03   7.7707757e+01   1.1763565e+02   1.4690784e+02
   4.5235497e+01   2.4401121e+02   8.8196678e+03   7.2856593e+01   1.1111095e+02   1.4189093e+02
   4.3588618e+01   2.3638754e+02   8.7396725e+03   6.8482668e+01   1.0488116e+02   1.3666505e+02
   4.2159690e+01   2.2897885e+02   8.6759258e+03   6.4539608e+01   9.8971690e+01   1.3131059e+02
   4.0907815e+01   2.2180311e+02   8.6276546e+03   6.0997227e+01   9.3396656e+01   1.2589713e+02
   3.9806226e+01   2.1487196e+02   8.5944538e+03   5.7823315e+01   8.8163624e+01   1.2048533e+02
   3.8856417e+01   2.0818717e+02   8.5762159e+03   5.4978907e+01   8.3272914e+01   1.1512807e+02
   3.8051913e+01   2.0175323e+02   8.5736854e+03   5.2434434e+01   7.8720252e+01   1.0986960e+02
   3.7380673e+01   1.9557690e+02   8.5885780e+03   5.0168043e+01   7.4498959e+01   1.0474585e+02
   3.6854682e+01   1.8965900e+02   8.6234857e+03   4.8152784e+01   7.0602379e+01   9.9786237e+01
   3.6477727e+01   1.8400739e+02   8.6823958e+03   4.6378900e+01   6.7013230e+01   9.5014038e+01
   3.6263179e+01   1.7863194e+02   8.7693650e+03   4.4840405e+01   6.3716641e+01   9.0447235e+01
   3.6247822e+01   1.7354007e+02   8.8881856e+03   4.3526982e+01   6.0704455e+01   8.6098998e+01
   3.6490115e+01   1.6873763e+02   9.0422608e+03   4.2425481e+01   5.7974067e+01   8.1978066e+01
   3.7028069e+01   1.6424470e+02   9.2323758e+03   4.1546674e+01   5.5514020e+01   7.8092177e+01
   3.7881419e+01   1.6009190e+02   9.4565468e+03   4.0915332e+01   5.3314790e+01   7.4445734e+01
   3.9097249e+01   1.5630481e+02   9.7111202e+03   4.0545872e+01   5.1375195e+01   7.1042127e+01
   4.0734749e+01   1.5290861e+02   9.9909184e+03   4.0450533e+01   4.9697957e+01   6.7884996e+01
   4.2816885e+01   1.4994095e+02   1.0290473e+04   4.0657975e+01   4.8285998e+01   6.4976806e+01
   4.5387081e+01   1.4743382e+02   1.0604574e+04   4.1184388e+01   4.7152450e+01   6.2318500e+01
   4.8463756e+01   1.4542846e+02   1.0928648e+04   4.2060708e+01   4.6303624e+01   5.9915853e+01
   5.2043223e+01   1.4397363e+02   1.1258744e+04   4.3328684e+01   4.5742983e+01   5.7777085e+01
   5.6184141e+01   1.4309755e+02   1.1591361e+04   4.4992511e+01   4.5495859e+01   5.5904975e+01
   6.0917869e+01   1.4283561e+02   1.1923456e+04   4.7067799e+01   4.5581787e+01   5.4306625e+01
   6.6189229e+01   1.4324761e+02   1.2252433e+04   4.9609968e+01   4.6002795e+01   5.2995255e+01
   7.2024969e+01   1.4436353e+02   1.2575728e+04   5.2624589e+01   4.6783199e+01   5.1979180e+01
   7.8471898e+01   1.4619983e+02   1.2890790e+04   5.6096185e+01   4.7953695e+01   5.1266963e+01
   8.5426712e+01   1.4880906e+02   1.3195286e+04   6.0070913e+01   4.9515030e+01   5.0875290e+01
   9.2813930e+01   1.5222253e+02   1.3486741e+04   6.4563192e+01   5.1477722e+01   5.0817735e+01
   1.0066048e+02   1.5642331e+02   1.3762335e+04   6.9514023e+01   5.3875515e+01   5.1102525e+01
   1.0881757e+02   1.6142643e+02   1.4019352e+04   7.4924993e+01   5.6706699e+01   5.1745004e+01
   1.1706832e+02   1.6724386e+02   1.4254971e+04   8.0802089e+01   5.9957384e+01   5.2760148e+01
   1.2536480e+02   1.7380829e+02   1.4465783e+04   8.7034894e+01   6.3646658e+01   5.4152385e+01
   1.3351215e+02   1.8106520e+02   1.4648359e+04   9.3550275e+01   6.7760334e+01   5.5928948e+01
   1.4116511e+02   1.8897294e+02   1.4799257e+04   1.0031346e+02   7.2251037e+01   5.8097412e+01
   1.4815635e+02   1.9740163e+02   1.4914278e+04   1.0716759e+02   7.7098556e+01   6.0651795e+01
   1.5427548e+02   2.0620045e+02   1.4988927e+04   1.1394603e+02   8.2262012e+01   6.3582149e+01
   1.5914366e+02   2.1523839e+02   1.5018770e+04   1.2053805e+02   8.7657507e+01   6.6875413e+01
   1.6246516e+02   2.2433265e+02   1.4999116e+04   1.2677466e+02   9.3201679e+01   7.0505763e+01
   1.6408922e+02   2.3323527e+02   1.4925495e+04   1.3241016e+02   9.8813665e+01   7.4436419e+01
   1.6382450e+02   2.4172398e+02   1.4796195e+04   1.3726018e+02   1.0437779e+02   7.8622235e+01
   1.6149181e+02   2.4959606e+02   1.4612568e+04   1.4118800e+02   1.0975441e+02   8.3007425e+01
   1.5724754e+02   2.5661072e+02   1.4380528e+04   1.4400729e+02   1.1482036e+02   8.7521911e+01
   1.5139806e+02   2.6256863e+02   1.4109620e+04   1.4559421e+02   1.1944606e+02   9.2088164e+01
   1.4428704e+02   2.6734788e+02   1.3810995e+04   1.4592460e+02   1.2350851e+02   9.6621125e+01
   1.3633094e+02   2.7088748e+02   1.3496663e+04   1.4504712e+02   1.2689674e+02   1.0103473e+02
   1.2799748e+02   2.7317182e+02   1.3176349e+04   1.4304760e+02   1.2953789e+02   1.0523572e+02
   1.1963815e+02   2.7424994e+02   1.2857885e+04   1.4007601e+02   1.3139121e+02   1.0912585e+02
   1.1153598e+02   2.7419970e+02   1.2547301e+04   1.3629582e+02   1.3244005e+02   1.1263108e+02
   1.0390209e+02   2.7312785e+02   1.2248822e+04   1.3188446e+02   1.3269141e+02   1.1570119e+02
   9.6825390e+01   2.7116605e+02   1.1965270e+04   1.2703116e+02   1.3218182e+02   1.1828332e+02
   9.0399701e+01   2.6842601e+02   1.1698438e+04   1.2187086e+02   1.3098778e+02   1.2033250e+02
   8.4607110e+01   2.6503891e+02   1.1449522e+04   1.1655833e+02   1.2917441e+02   1.2183193e+02
   7.9372947e+01   2.6113690e+02   1.1219156e+04   1.1123927e+02   1.2681024e+02   1.2278079e+02
   7.4730609e+01   2.5680314e+02   1.1007389e+04   1.0597107e+02   1.2399945e+02   1.2318355e+02
   7.0634343e+01   2.5213162e+02   1.0814109e+04   1.0082798e+02   1.2082687e+02   1.2306131e+02
   6.6968278e+01   2.4722544e+02   1.0639077e+04   9.5899325e+01   1.1735951e+02   1.2244738e+02
   6.3730395e+01   2.4214167e+02   1.0481776e+04   9.1199783e+01   1.1368493e+02   1.2137792e+02
   6.0901238e+01   2.3693400e+02   1.0341671e+04   8.6742202e+01   1.0987795e+02   1.1989631e+02
   5.8393121e+01   2.3166956e+02   1.0218325e+04   8.2565823e+01   1.0599111e+02   1.1805037e+02
   5.6167160e+01   2.2639379e+02   1.0111289e+04   7.8678561e+01   1.0207891e+02   1.1588822e+02
   5.4229311e+01   2.2113309e+02   1.0020159e+04   7.5062558e+01   9.8194220e+01   1.1345905e+02
   5.2545723e+01   2.1592232e+02   9.9447889e+03   7.1718506e+01   9.4374608e+01   1.1081089e+02
   5.1065137e+01   2.1079826e+02   9.8852944e+03   6.8654714e+01   9.0647651e+01   1.0798939e+02
   4.9793676e+01   2.0577780e+02   9.8419760e+03   6.5852116e+01   8.7042910e+01   1.0503806e+02
   4.8732993e+01   2.0087827e+02   9.8154841e+03   6.3296608e+01   8.3582029e+01   1.0199787e+02
   4.7868944e+01   1.9612139e+02   9.8069344e+03   6.0984261e+01   8.0280206e+01   9.8905537e+01
   4.7192685e+01   1.9152714e+02   9.8178066e+03   5.8911120e+01   7.7150042e+01   9.5793733e+01
   4.6721389e+01   1.8710994e+02   9.8498452e+03   5.7067817e+01   7.4201044e+01   9.2693021e+01
   4.6464710e+01   1.8288931e+02   9.9048264e+03   5.5454967e+01   7.1437822e+01   8.9630856e+01
   4.6442600e+01   1.7888378e+02   9.9842904e+03   5.4071724e+01   6.8867389e+01   8.6630627e+01
   4.6686217e+01   1.7511065e+02   1.0089517e+04   5.2915561e+01   6.6499013e+01   8.3711872e+01
   4.7228817e+01   1.7159111e+02   1.0220935e+04   5.1991183e+01   6.4337719e+01   8.0893668e+01
   4.8080485e+01   1.6835739e+02   1.0377884e+04   5.1319843e+01   6.2385183e+01   7.8192667e+01
   4.9267655e+01   1.6543844e+02   1.0558835e+04   5.0916389e+01   6.0647847e+01   7.5623673e+01
   5.0839390e+01   1.6285798e+02   1.0761373e+04   5.0786503e+01   5.9137088e+01   7.3200349e+01
   5.2818029e+01   1.6064960e+02   1.0982464e+04   5.0951195e+01   5.7859090e+01   7.0937102e+01
   5.5227935e+01   1.5884648e+02   1.1218657e+04   5.1427027e+01   5.6828218e+01   6.8844179e+01
   5.8095029e+01   1.5748032e+02   1.1466455e+04   5.2227843e+01   5.6059848e+01   6.6932608e+01
   6.1419466e+01   1.5658963e+02   1.1722481e+04   5.3379792e+01   5.5561555e+01   6.5217185e+01
   6.5180923e+01   1.5621716e+02   1.1983472e+04   5.4915710e+01   5.5338266e+01   6.3713411e+01
   6.9417543e+01   1.5638324e+02   1.2246212e+04   5.6829200e+01   5.5415944e+01   6.2429760e+01
   7.4141331e+01   1.5711076e+02   1.2507684e+04   5.9120197e+01   5.5813956e+01   6.1377916e+01
   7.9275332e+01   1.5844316e+02   1.2765160e+04   6.1825211e+01   5.6531939e+01   6.0574937e+01
   8.4769711e+01   1.6040669e+02   1.3015918e+04   6.4954481e+01   5.7578892e+01   6.0034108e+01
   9.0660149e+01   1.6299004e+02   1.3257077e+04   6.8460043e+01   5.8984190e+01   5.9763346e+01
   9.6860948e+01   1.6620449e+02   1.3485942e+04   7.2337582e+01   6.0750561e+01   5.9776125e+01
   1.0318709e+02   1.7007595e+02   1.3699943e+04   7.6613815e+01   6.2859860e+01   6.0088805e+01
   1.0960248e+02   1.7456625e+02   1.3896086e+04   8.1218345e+01   6.5326658e+01   6.0706399e+01
   1.1603422e+02   1.7962702e+02   1.4071304e+04   8.6075576e+01   6.8154647e+01   6.1633951e+01
   1.2225455e+02   1.8523397e+02   1.4222681e+04   9.1162242e+01   7.1312466e+01   6.2879951e+01
   1.2805335e+02   1.9133421e+02   1.4347106e+04   9.6421988e+01   7.4769524e+01   6.4446173e+01
   1.3334538e+02   1.9781170e+02   1.4441012e+04   1.0171230e+02   7.8512870e+01   6.6325151e+01
   1.3793677e+02   2.0456157e+02   1.4501060e+04   1.0692659e+02   8.2498621e+01   6.8508417e+01
   1.4153614e+02   2.1148901e+02   1.4524226e+04   1.1199200e+02   8.6654694e+01   7.0984314e+01
   1.4399607e+02   2.1843938e+02   1.4507509e+04   1.1675754e+02   9.0923806e+01   7.3728821e+01
   1.4522542e+02   2.2523483e+02   1.4448753e+04   1.2105308e+02   9.5240013e+01   7.6711820e+01
   1.4510149e+02   2.3172041e+02   1.4347682e+04   1.2475779e+02   9.9513499e+01   7.9896813e+01
   1.4352145e+02   2.3775304e+02   1.4205891e+04   1.2777967e+02   1.0364181e+02   8.3239369e+01
   1.4060140e+02   2.4316315e+02   1.4027346e+04   1.2999093e+02   1.0753621e+02   8.6685136e+01
   1.3652043e+02   2.4781250e+02   1.3817994e+04   1.3131150e+02   1.1110161e+02   9.0175227e+01
   1.3148487e+02   2.5160767e+02   1.3584857e+04   1.3171711e+02   1.1425116e+02   9.3645820e+01
   1.2573861e+02   2.5449515e+02   1.3335863e+04   1.3123161e+02   1.1690594e+02   9.7032547e+01
   1.1957829e+02   2.5644766e+02   1.3078209e+04   1.2990110e+02   1.1900480e+02   1.0027372e+02
   1.1324973e+02   2.5748391e+02   1.2817953e+04   1.2781671e+02   1.2051957e+02   1.0328739e+02
   1.0695641e+02   2.5764475e+02   1.2560201e+04   1.2508311e+02   1.2143594e+02   1.0600954e+02
   1.0086375e+02   2.5699029e+02   1.2309083e+04   1.2181461e+02   1.2175185e+02   1.0839774e+02
   9.5095624e+01   2.5560043e+02   1.2067746e+04   1.1813614e+02   1.2147753e+02   1.1042984e+02
   8.9700453e+01   2.5356867e+02   1.1838272e+04   1.1417600e+02   1.2064827e+02   1.1207056e+02
   8.4749941e+01   2.5096982e+02   1.1622039e+04   1.1001802e+02   1.1932771e+02   1.1329031e+02
   8.0243599e+01   2.4789307e+02   1.1420081e+04   1.0576202e+02   1.1756794e+02   1.1408228e+02
   7.6117895e+01   2.4443718e+02   1.1233072e+04   1.0151684e+02   1.1541507e+02   1.1445288e+02
   7.2403288e+01   2.4066212e+02   1.1061242e+04   9.7321815e+01   1.1294440e+02   1.1440994e+02
   6.9096698e+01   2.3662952e+02   1.0904678e+04   9.3217870e+01   1.1022235e+02   1.1397194e+02
   6.6121804e+01   2.3241552e+02   1.0763422e+04   8.9270156e+01   1.0729667e+02   1.1316660e+02
   6.3450495e+01   2.2807411e+02   1.0637370e+04   8.5507738e+01   1.0422349e+02   1.1202371e+02
   6.1100307e+01   2.2363911e+02   1.0526353e+04   8.1928569e+01   1.0106259e+02   1.1057653e+02
   5.9037112e+01   2.1915536e+02   1.0430332e+04   7.8551679e+01   9.7857171e+01   1.0886143e+02
   5.7196475e+01   2.1467251e+02   1.0349393e+04   7.5406757e+01   9.4638981e+01   1.0691612e+02
   5.5588162e+01   2.1021389e+02   1.0283664e+04   7.2483541e+01   9.1448506e+01   1.0477703e+02
   5.4216754e+01   2.0580213e+02   1.0233469e+04   6.9774133e+01   8.8318205e+01   1.0248100e+02
   5.3060097e+01   2.0146637e+02   1.0199421e+04   6.7284006e+01   8.5271154e+01   1.0006300e+02
   5.2093583e+01   1.9723509e+02   1.0182379e+04   6.5020129e+01   8.2325989e+01   9.7555778e+01
   5.1334532e+01   1.9312431e+02   1.0183372e+04   6.2972328e+01   7.9502512e+01   9.4990557e+01
   5.0792249e+01   1.8915353e+02   1.0203563e+04   6.1138173e+01   7.6814729e+01   9.2396714e+01
   5.0473267e+01   1.8534394e+02   1.0244185e+04   5.9518945e+01   7.4275026e+01   8.9800380e+01
   5.0388215e+01   1.8171640e+02   1.0306473e+04   5.8116465e+01   7.1895117e+01   8.7224680e+01
   5.0563532e+01   1.7829019e+02   1.0391261e+04   5.6931319e+01   6.9684950e+01   8.4691847e+01
   5.1003011e+01   1.7509494e+02   1.0498904e+04   5.5980789e+01   6.7648550e+01   8.2222409e+01
   5.1727384e+01   1.7215636e+02   1.0629088e+04   5.5275323e+01   6.5794176e+01   7.9834564e+01
   5.2778752e+01   1.6949491e+02   1.0780802e+04   5.4816207e+01   6.4135150e+01   7.7544220e+01
   5.4193306e+01   1.6713457e+02   1.0952408e+04   5.4610772e+01   6.2681932e+01   7.5367451e+01
   5.5975624e+01   1.6511115e+02   1.1141604e+04   5.4683280e+01   6.1441624e+01   7.3318967e+01
   5.8144438e+01   1.6345544e+02   1.1345691e+04   5.5048140e+01   6.0428253e+01   7.1410869e+01
   6.0714990e+01   1.6219823e+02   1.1561823e+04   5.5720867e+01   5.9653017e+01   6.9657291e+01
   6.3697113e+01   1.6137089e+02   1.1787015e+04   5.6718930e+01   5.9124045e+01   6.8074348e+01
   6.7081611e+01   1.6100796e+02   1.2018236e+04   5.8063417e+01   5.8851113e+01   6.6675578e+01
   7.0899141e+01   1.6112768e+02   1.2252447e+04   5.9747533e+01   5.8857508e+01   6.5470548e+01
   7.5137319e+01   1.6175588e+02   1.2486773e+04   6.1779849e+01   5.9155506e+01   6.4472535e+01
   7.9720625e+01   1.6293153e+02   1.2718535e+04   6.4193286e+01   5.9743047e+01   6.3698421e+01
   8.4630427e+01   1.6466762e+02   1.2944973e+04   6.6979666e+01   6.0634628e+01   6.3159091e+01
   8.9884149e+01   1.6695557e+02   1.3163265e+04   7.0099141e+01   6.1853394e+01   6.2862896e+01
   9.5387954e+01   1.6980783e+02   1.3370790e+04   7.3552952e+01   6.3397217e+01   6.2823238e+01
   1.0097854e+02   1.7324428e+02   1.3565032e+04   7.7361024e+01   6.5248997e+01   6.3054817e+01
   1.0663562e+02   1.7722463e+02   1.3743084e+04   8.1451660e+01   6.7423376e+01   6.3561226e+01
   1.1229289e+02   1.8170414e+02   1.3902045e+04   8.5756413e+01   6.9921834e+01   6.4346723e+01
   1.1774882e+02   1.8665966e+02   1.4039200e+04   9.0253909e+01   7.2714197e+01   6.5418691e+01
   1.2280733e+02   1.9204692e+02   1.4151738e+04   9.4900216e+01   7.5768723e+01   6.6778769e+01
   1.2740390e+02   1.9776036e+02   1.4236461e+04   9.9565790e+01   7.9074139e+01   6.8418945e+01
   1.3138904e+02   2.0370303e+02   1.4290476e+04   1.0415051e+02   8.2593016e+01   7.0330421e+01
   1.3452051e+02   2.0979096e+02   1.4311300e+04   1.0859044e+02   8.6260921e+01   7.2502184e+01
   1.3665178e+02   2.1590033e+02   1.4296698e+04   1.1277177e+02   9.0021759e+01   7.4912854e+01
   1.3772742e+02   2.2187392e+02   1.4245059e+04   1.1654285e+02   9.3819751e+01   7.7534603e+01
   1.3767089e+02   2.2757433e+02   1.4156336e+04   1.1979336e+02   9.7580280e+01   8.0334483e+01
   1.3639889e+02   2.3288273e+02   1.4032095e+04   1.2245065e+02   1.0121401e+02   8.3273358e+01
   1.3397543e+02   2.3766465e+02   1.3875488e+04   1.2442011e+02   1.0464366e+02   8.6303860e+01
   1.3055188e+02   2.4179974e+02   1.3691390e+04   1.2563137e+02   1.0778783e+02   8.9373919e+01
   1.2629622e+02   2.4520328e+02   1.3485429e+04   1.2605787e+02   1.1057214e+02   9.2428440e+01
   1.2140035e+02   2.4782423e+02   1.3263865e+04   1.2571176e+02   1.1293352e+02   9.5409181e+01
   1.1607117e+02   2.4964120e+02   1.3033166e+04   1.2464105e+02   1.1480398e+02   9.8276373e+01
   1.1053307e+02   2.5065690e+02   1.2798505e+04   1.2290656e+02   1.1615969e+02   1.0096147e+02
   1.0498232e+02   2.5089527e+02   1.2564235e+04   1.2058089e+02   1.1700585e+02   1.0338737e+02
   9.9566437e+01   2.5039929e+02   1.2334129e+04   1.1775247e+02   1.1734670e+02   1.0550330e+02
   9.4384094e+01   2.4923093e+02   1.2111382e+04   1.1452551e+02   1.1718552e+02   1.0728479e+02
   8.9485181e+01   2.4747121e+02   1.1898613e+04   1.1102000e+02   1.1652462e+02   1.0873370e+02
   8.4888245e+01   2.4520747e+02   1.1697558e+04   1.0735050e+02   1.1538757e+02   1.0984691e+02
   8.0658772e+01   2.4249511e+02   1.1508938e+04   1.0356683e+02   1.1385157e+02   1.1058278e+02
   7.6821045e+01   2.3939870e+02   1.1333510e+04   9.9730047e+01   1.1197292e+02   1.1093958e+02
   7.3319320e+01   2.3599991e+02   1.1171844e+04   9.5925811e+01   1.0979223e+02   1.1092905e+02
   7.0135932e+01   2.3236122e+02   1.1024223e+04   9.2204600e+01   1.0736293e+02   1.1056584e+02
   6.7294088e+01   2.2852561e+02   1.0890749e+04   8.8583662e+01   1.0474681e+02   1.0986923e+02
   6.4760009e+01   2.2454774e+02   1.0771529e+04   8.5100304e+01   1.0198976e+02   1.0886530e+02
   6.2474179e+01   2.2048459e+02   1.0666671e+04   8.1796655e+01   9.9129284e+01   1.0758394e+02
   6.0452196e+01   2.1636533e+02   1.0576213e+04   7.8670682e+01   9.6214402e+01   1.0605528e+02
   5.8695048e+01   2.1222006e+02   1.0500307e+04   7.5724382e+01   9.3285396e+01   1.0431183e+02
   5.7163929e+01   2.0808806e+02   1.0439284e+04   7.2977228e+01   9.0370087e+01   1.0238673e+02
   5.5828110e+01   2.0400352e+02   1.0393618e+04   7.0442578e+01   8.7493910e+01   1.0031219e+02
   5.4708805e+01   1.9998344e+02   1.0363886e+04   6.8108599e+01   8.4686080e+01   9.8119705e+01
   5.3809955e+01   1.9604957e+02   1.0350864e+04   6.5973406e+01   8.1968195e+01   9.5839794e+01
   5.3120540e+01   1.9222779e+02   1.0355531e+04   6.4043521e+01   7.9356504e+01   9.3500760e+01
   5.2639548e+01   1.8854075e+02   1.0378954e+04   6.2321771e+01   7.6866619e+01   9.1128564e+01
   5.2385345e+01   1.8500767e+02   1.0422167e+04   6.0807468e+01   7.4511631e+01   8.8748511e+01
   5.2366458e+01   1.8165266e+02   1.0486018e+04   5.9508627e+01   7.2300471e+01   8.6384254e+01
   5.2600742e+01   1.7849793e+02   1.0570994e+04   5.8430037e+01   7.0244446e+01   8.4056591e+01
   5.3115598e+01   1.7556373e+02   1.0677219e+04   5.7573213e+01   6.8357175e+01   8.1783537e+01
   5.3941491e+01   1.7287179e+02   1.0804282e+04   5.6943089e+01   6.6648907e+01   7.9583564e+01
   5.5081491e+01   1.7045536e+02   1.0951028e+04   5.6561621e+01   6.5125835e+01   7.7473478e+01
   5.6545149e+01   1.6834578e+02   1.1115827e+04   5.6446910e+01   6.3797096e+01   7.5468467e+01
   5.8358559e+01   1.6656908e+02   1.1296604e+04   5.6608635e+01   6.2674641e+01   7.3583443e+01
   6.0557190e+01   1.6514813e+02   1.1490862e+04   5.7051716e+01   6.1771515e+01   7.1833461e+01
   6.3119333e+01   1.6412276e+02   1.1695955e+04   5.7808292e+01   6.1090228e+01   7.0234850e+01
   6.6091089e+01   1.6351013e+02   1.1908942e+04   5.8869538e+01   6.0656957e+01   6.8795676e+01
   6.9493720e+01   1.6333093e+02   1.2126940e+04   6.0234625e+01   6.0490765e+01   6.7526936e+01
   7.3290746e+01   1.6361927e+02   1.2347231e+04   6.1927882e+01   6.0594613e+01   6.6445185e+01
   7.7389083e+01   1.6442184e+02   1.2567248e+04   6.3997221e+01   6.0956931e+01   6.5571387e+01
   8.1774504e+01   1.6575343e+02   1.2784231e+04   6.6436841e+01   6.1593680e+01   6.4914441e+01
   8.6531351e+01   1.6759021e+02   1.2995259e+04   6.9179987e+01   6.2543587e+01   6.4477622e+01
   9.1616336e+01   1.6993564e+02   1.3197677e+04   7.2211434e+01   6.3814414e+01   6.4272129e+01
   9.6843153e+01   1.7282467e+02   1.3389118e+04   7.5574509e+01   6.5380230e+01   6.4317221e+01
   1.0207356e+02   1.7626411e+02   1.3567060e+04   7.9271991e+01   6.7227847e+01   6.4624372e+01
   1.0734076e+02   1.8019224e+02   1.3728528e+04   8.3201330e+01   6.9382037e+01   6.5191842e+01
   1.1254932e+02   1.8456898e+02   1.3870764e+04   8.7306696e+01   7.1834979e+01   6.6023896e+01
   1.1748581e+02   1.8937219e+02   1.3991208e+04   9.1572898e+01   7.4550587e+01   6.7127159e+01
   1.2200359e+02   1.9454157e+02   1.4087105e+04   9.5933986e+01   7.7503598e+01   6.8499303e+01
   1.2603562e+02   1.9997394e+02   1.4155512e+04   1.0026801e+02   8.0677536e+01   7.0131341e+01
   1.2942932e+02   2.0557849e+02   1.4193912e+04   1.0448724e+02   8.4029882e+01   7.2013244e+01
   1.3196399e+02   2.1127341e+02   1.4200250e+04   1.0853215e+02   8.7496168e+01   7.4132007e+01
   1.3354276e+02   2.1693206e+02   1.4172790e+04   1.1228397e+02   9.1025081e+01   7.6464070e+01
   1.3412531e+02   2.2241082e+02   1.4110648e+04   1.1560992e+02   9.4559687e+01   7.8981120e+01
   1.3365716e+02   2.2758666e+02   1.4014430e+04   1.1841706e+02   9.8027837e+01   8.1649745e+01
   1.3208766e+02   2.3235340e+02   1.3886204e+04   1.2064499e+02   1.0134688e+02   8.4430788e+01
   1.2950793e+02   2.3659151e+02   1.3729395e+04   1.2221288e+02   1.0444719e+02   8.7278116e+01
   1.2606285e+02   2.4020233e+02   1.3548760e+04   1.2307256e+02   1.0725427e+02   9.0141689e+01
   1.2191136e+02   2.4311779e+02   1.3349536e+04   1.2321115e+02   1.0970317e+02   9.2969549e+01
   1.1723359e+02   2.4529831e+02   1.3137350e+04   1.2264629e+02   1.1174171e+02   9.5707817e+01
   1.1220822e+02   2.4673414e+02   1.2917866e+04   1.2143085e+02   1.1331835e+02   9.8311973e+01
   1.0702994e+02   2.4743233e+02   1.2695691e+04   1.1962384e+02   1.1441288e+02   1.0072529e+02
   1.0187832e+02   2.4741556e+02   1.2474748e+04   1.1728946e+02   1.1503054e+02   1.0288796e+02
   9.6875185e+01   2.4672799e+02   1.2258406e+04   1.1451272e+02   1.1517508e+02   1.0476081e+02
   9.2084616e+01   2.4543524e+02   1.2049482e+04   1.1139944e+02   1.1484880e+02   1.0632523e+02
   8.7522802e+01   2.4361971e+02   1.1850171e+04   1.0806854e+02   1.1405860e+02   1.0757622e+02
   8.3259765e+01   2.4133741e+02   1.1661738e+04   1.0458191e+02   1.1285875e+02   1.0848422e+02
   7.9357089e+01   2.3864125e+02   1.1485162e+04   1.0098905e+02   1.1130617e+02   1.0903757e+02
   7.5792373e+01   2.3560390e+02   1.1321238e+04   9.7367749e+01   1.0944070e+02   1.0924068e+02
   7.2511014e+01   2.3230121e+02   1.1170518e+04   9.3796880e+01   1.0729952e+02   1.0910595e+02
   6.9550685e+01   2.2877396e+02   1.1033246e+04   9.0294172e+01   1.0494438e+02   1.0864541e+02
   6.6912019e+01   2.2506855e+02   1.0909620e+04   8.6886541e+01   1.0242624e+02   1.0787911e+02
   6.4537241e+01   2.2124402e+02   1.0799846e+04   8.3622253e+01   9.9780624e+01   1.0683321e+02
   6.2400566e+01   2.1734466e+02   1.0704078e+04   8.0525846e+01   9.7048000e+01   1.0553468e+02
   6.0526238e+01   2.1339538e+02   1.0622449e+04   7.7591726e+01   9.4274383e+01   1.0401212e+02
   5.8901682e+01   2.0942944e+02   1.0555241e+04   7.4830085e+01   9.1493689e+01   1.0229593e+02
   5.7480798e+01   2.0548756e+02   1.0502897e+04   7.2265408e+01   8.8729166e+01   1.0041719e+02
   5.6261674e+01   2.0159490e+02   1.0465947e+04   6.9898739e+01   8.6008892e+01   9.8405426e+01
   5.5261916e+01   1.9776992e+02   1.0445045e+04   6.7722712e+01   8.3358667e+01   9.6290298e+01
   5.4481291e+01   1.9403609e+02   1.0441005e+04   6.5739740e+01   8.0798023e+01   9.4099972e+01
   5.3906834e+01   1.9042029e+02   1.0454795e+04   6.3959287e+01   7.8341835e+01   9.1860628e+01
   5.3551768e+01   1.8694186e+02   1.0487351e+04   6.2379940e+01   7.6006885e+01   8.9596571e+01
   5.3427563e+01   1.8362355e+02   1.0539544e+04   6.1007516e+01   7.3803751e+01   8.7331945e+01
   5.3545034e+01   1.8048941e+02   1.0611948e+04   5.9850131e+01   7.1742449e+01   8.5088748e+01
   5.3924398e+01   1.7756134e+02   1.0704766e+04   5.8912250e+01   6.9835432e+01   8.2886328e+01
   5.4599262e+01   1.7485783e+02   1.0817836e+04   5.8193029e+01   6.8097410e+01   8.0741966e+01
   5.5608022e+01   1.7239834e+02   1.0950424e+04   5.7694660e+01   6.6538602e+01   7.8674674e+01
   5.6927664e+01   1.7022456e+02   1.1101107e+04   5.7451479e+01   6.5163549e+01   7.6699453e+01
   5.8550174e+01   1.6837273e+02   1.1268100e+04   5.7488955e+01   6.3980242e+01   7.4830555e+01
   6.0494290e+01   1.6686963e+02   1.1449289e+04   5.7818004e+01   6.3000751e+01   7.3082438e+01
   6.2805503e+01   1.6573253e+02   1.1642229e+04   5.8434986e+01   6.2241222e+01   7.1469763e+01
   6.5539314e+01   1.6497433e+02   1.1844183e+04   5.9330098e+01   6.1718392e+01   7.0007962e+01
   6.8616938e+01   1.6464748e+02   1.2052539e+04   6.0556666e+01   6.1425999e+01   6.8713778e+01
   7.2091356e+01   1.6476023e+02   1.2264406e+04   6.2092378e+01   6.1395171e+01   6.7593185e+01
   7.5988291e+01   1.6532286e+02   1.2476984e+04   6.3922071e+01   6.1648049e+01   6.6655773e+01
   8.0247124e+01   1.6636558e+02   1.2687695e+04   6.6067871e+01   6.2183947e+01   6.5917777e+01
   8.4726328e+01   1.6793666e+02   1.2894163e+04   6.8585938e+01   6.2981250e+01   6.5401215e+01
   8.9389914e+01   1.7004179e+02   1.3093744e+04   7.1462860e+01   6.4051191e+01   6.5114156e+01
   9.4308253e+01   1.7264300e+02   1.3283557e+04   7.4617457e+01   6.5429213e+01   6.5057837e+01
   9.9422955e+01   1.7572783e+02   1.3460974e+04   7.8018972e+01   6.7118618e+01   6.5240984e+01
   1.0453728e+02   1.7931149e+02   1.3623622e+04   8.1690378e+01   6.9090270e+01   6.5678596e+01
   1.0950698e+02   1.8337797e+02   1.3768952e+04   8.5611277e+01   7.1326828e+01   6.6377439e+01
   1.1432560e+02   1.8785187e+02   1.3894027e+04   8.9673685e+01   7.3837994e+01   6.7333745e+01
   1.1887581e+02   1.9267445e+02   1.3996155e+04   9.3809292e+01   7.6604075e+01   6.8546963e+01
   1.2294093e+02   1.9780063e+02   1.4072890e+04   9.7984475e+01   7.9579666e+01   7.0016870e+01
   1.2638149e+02   2.0314671e+02   1.4121705e+04   1.0211514e+02   8.2729574e+01   7.1733850e+01
   1.2912934e+02   2.0859312e+02   1.4140142e+04   1.0607325e+02   8.6022377e+01   7.3682304e+01
   1.3106021e+02   2.1403315e+02   1.4126514e+04   1.0976393e+02   8.9404735e+01   7.5843838e+01
   1.3200707e+02   2.1937120e+02   1.4079955e+04   1.1312162e+02   9.2804838e+01   7.8195883e+01
   1.3192386e+02   2.2448104e+02   1.4000467e+04   1.1604078e+02   9.6161520e+01   8.0706564e+01
   1.3084187e+02   2.2922766e+02   1.3889325e+04   1.1841112e+02   9.9409481e+01   8.3339609e+01
   1.2880156e+02   2.3350183e+02   1.3749194e+04   1.2016238e+02   1.0247775e+02   8.6054079e+01
   1.2585942e+02   2.3721935e+02   1.3584116e+04   1.2126194e+02   1.0529245e+02   8.8803960e+01
   1.2216463e+02   2.4029998e+02   1.3398951e+04   1.2167715e+02   1.0779157e+02   9.1541835e+01
   1.1789495e+02   2.4269334e+02   1.3199015e+04   1.2141481e+02   1.0991631e+02   9.4213163e+01
   1.1321539e+02   2.4437711e+02   1.2989457e+04   1.2051074e+02   1.1161900e+02   9.6765077e+01
   1.0829956e+02   2.4534731e+02   1.2775031e+04   1.1901192e+02   1.1286996e+02   9.9149988e+01
   1.0332687e+02   2.4561890e+02   1.2560096e+04   1.1697759e+02   1.1365681e+02   1.0132571e+02
   9.8405314e+01   2.4523766e+02   1.2348256e+04   1.1450272e+02   1.1396875e+02   1.0325487e+02
   9.3657417e+01   2.4424606e+02   1.2142205e+04   1.1165893e+02   1.1382642e+02   1.0489764e+02
   8.9167223e+01   2.4269801e+02   1.1944174e+04   1.0852420e+02   1.1325557e+02   1.0622682e+02
   8.4938206e+01   2.4066957e+02   1.1755954e+04   1.0520280e+02   1.1227366e+02   1.0723161e+02
   8.0958703e+01   2.3823699e+02   1.1578835e+04   1.0178942e+02   1.1090933e+02   1.0790557e+02
   7.7314898e+01   2.3543967e+02   1.1413589e+04   9.8309222e+01   1.0922744e+02   1.0824009e+02
   7.4032132e+01   2.3232983e+02   1.1260830e+04   9.4805383e+01   1.0728010e+02   1.0823930e+02
   7.1042344e+01   2.2898239e+02   1.1121082e+04   9.1356628e+01   1.0509828e+02   1.0791979e+02
   6.8289653e+01   2.2546254e+02   1.0994678e+04   8.8023289e+01   1.0271829e+02   1.0730089e+02
   6.5828791e+01   2.2179590e+02   1.0881738e+04   8.4799256e+01   1.0020141e+02   1.0640002e+02
   6.3658095e+01   2.1802103e+02   1.0782444e+04   8.1701054e+01   9.7591830e+01   1.0524195e+02
   6.1723190e+01   2.1418857e+02   1.0697059e+04   7.8766483e+01   9.4918936e+01   1.0385543e+02
   5.9997692e+01   2.1033690e+02   1.0625867e+04   7.6014389e+01   9.2215323e+01   1.0226886e+02
   5.8506849e+01   2.0648594e+02   1.0569182e+04   7.3435403e+01   8.9518880e+01   1.0051097e+02
   5.7246917e+01   2.0266271e+02   1.0527495e+04   7.1033803e+01   8.6857416e+01   9.8611163e+01
   5.6188639e+01   1.9890034e+02   1.0501476e+04   6.8825736e+01   8.4250441e+01   9.6598293e+01
   5.5327870e+01   1.9522328e+02   1.0491893e+04   6.6814873e+01   8.1719055e+01   9.4499532e+01
   5.4682845e+01   1.9164985e+02   1.0499591e+04   6.4997117e+01   7.9282725e+01   9.2341761e+01
   5.4261845e+01   1.8820184e+02   1.0525422e+04   6.3375065e+01   7.6956937e+01   9.0150213e+01
   5.4068541e+01   1.8490274e+02   1.0570214e+04   6.1954801e+01   7.4755316e+01   8.7947801e+01
   5.4124814e+01   1.8177060e+02   1.0634654e+04   6.0734349e+01   7.2693797e+01   8.5755187e+01
   5.4449364e+01   1.7882806e+02   1.0719058e+04   5.9720214e+01   7.0782641e+01   8.3593268e+01
   5.5027438e+01   1.7611087e+02   1.0823361e+04   5.8940040e+01   6.9023991e+01   8.1482270e+01
   5.5869011e+01   1.7364709e+02   1.0946974e+04   5.8408435e+01   6.7426410e+01   7.9439997e+01
   5.7009586e+01   1.7145679e+02   1.1088776e+04   5.8126515e+01   6.6005060e+01   7.7481817e+01
   5.8509765e+01   1.6955219e+02   1.1247120e+04   5.8082159e+01   6.4781563e+01   7.5620707e+01
   6.0372579e+01   1.6796473e+02   1.1420057e+04   5.8296036e+01   6.3760800e+01   7.3874003e+01
   6.2589958e+01   1.6672997e+02   1.1605233e+04   5.8792387e+01   6.2951174e+01   7.2255801e+01
   6.5181472e+01   1.6587202e+02   1.1800075e+04   5.9576213e+01   6.2370222e+01   7.0777359e+01
   6.8147487e+01   1.6541798e+02   1.2001989e+04   6.0659799e+01   6.2028368e+01   6.9452760e+01
   7.1469100e+01   1.6539800e+02   1.2208363e+04   6.2062744e+01   6.1928931e+01   6.8298905e+01
   7.5116432e+01   1.6584112e+02   1.2416539e+04   6.3802602e+01   6.2077474e+01   6.7329937e+01
   7.9112805e+01   1.6675368e+02   1.2623758e+04   6.5858934e+01   6.2497775e+01   6.6553478e+01
   8.3441762e+01   1.6814640e+02   1.2827375e+04   6.8223099e+01   6.3201950e+01   6.5980823e+01
   8.8011181e+01   1.7004438e+02   1.3024918e+04   7.0914685e+01   6.4184305e+01   6.5627044e+01
   9.2747930e+01   1.7245649e+02   1.3213858e+04   7.3930531e+01   6.5445248e+01   6.5503141e+01
   9.7658406e+01   1.7535497e+02   1.3391466e+04   7.7212334e+01   6.7003113e+01   6.5614118e+01
   1.0265997e+02   1.7872492e+02   1.3555160e+04   8.0731156e+01   6.8854612e+01   6.5968033e+01
   1.0757405e+02   1.8256591e+02   1.3702524e+04   8.4490411e+01   7.0973823e+01   6.6575355e+01
   1.1230875e+02   1.8683502e+02   1.3830890e+04   8.8432563e+01   7.3352543e+01   6.7437483e+01
   1.1681669e+02   1.9145866e+02   1.3937451e+04   9.2461028e+01   7.5987082e+01   6.8551507e+01
   1.2095041e+02   1.9637793e+02   1.4019671e+04   9.6515631e+01   7.8847115e+01   6.9915283e+01
   1.2448868e+02   2.0154155e+02   1.4075269e+04   1.0056082e+02   8.1881559e+01   7.1525244e+01
   1.2734109e+02   2.0684482e+02   1.4101854e+04   1.0448682e+02   8.5058755e+01   7.3366690e+01
   1.2943733e+02   2.1216778e+02   1.4097441e+04   1.0817262e+02   8.8339057e+01   7.5421425e+01
   1.3066003e+02   2.1740545e+02   1.4060975e+04   1.1153222e+02   9.1662767e+01   7.7667714e+01
   1.3087414e+02   2.2246108e+02   1.3992317e+04   1.1450235e+02   9.4956879e+01   8.0078838e+01
   1.3008857e+02   2.2720655e+02   1.3892371e+04   1.1697713e+02   9.8161359e+01   8.2619344e+01
   1.2835891e+02   2.3152093e+02   1.3763359e+04   1.1886763e+02   1.0120881e+02   8.5250475e+01
   1.2575474e+02   2.3530970e+02   1.3608689e+04   1.2012251e+02   1.0403101e+02   8.7929068e+01
   1.2236646e+02   2.3850296e+02   1.3432916e+04   1.2072456e+02   1.0656082e+02   9.0607852e+01
   1.1836675e+02   2.4103716e+02   1.3241070e+04   1.2065826e+02   1.0874290e+02   9.3241070e+01
   1.1392530e+02   2.4288387e+02   1.3038237e+04   1.1995277e+02   1.1052848e+02   9.5772888e+01
   1.0919673e+02   2.4403772e+02   1.2829161e+04   1.1865788e+02   1.1188154e+02   9.8151511e+01
   1.0433730e+02   2.4450850e+02   1.2618110e+04   1.1683036e+02   1.1278206e+02   1.0033363e+02
   9.9504852e+01   2.4432119e+02   1.2408881e+04   1.1453400e+02   1.1322604e+02   1.0228441e+02
   9.4794979e+01   2.4352701e+02   1.2204575e+04   1.1186087e+02   1.1321414e+02   1.0397289e+02
   9.0291287e+01   2.4217692e+02   1.2007408e+04   1.0888808e+02   1.1277034e+02   1.0536514e+02
   8.6067495e+01   2.4032401e+02   1.1819205e+04   1.0568473e+02   1.1192832e+02   1.0643945e+02
   8.2117762e+01   2.3804193e+02   1.1641430e+04   1.0234557e+02   1.1071163e+02   1.0718915e+02
   7.8423345e+01   2.3540329e+02   1.1475130e+04   9.8955619e+01   1.0915221e+02   1.0761282e+02
   7.5051811e+01   2.3244774e+02   1.1320928e+04   9.5538722e+01   1.0731159e+02   1.0770854e+02
   7.2016332e+01   2.2922602e+02   1.1179324e+04   9.2134780e+01   1.0523917e+02   1.0748520e+02
   6.9252692e+01   2.2580699e+02   1.1050750e+04   8.8812356e+01   1.0296646e+02   1.0696160e+02
   6.6727768e+01   2.2224452e+02   1.0935481e+04   8.5613651e+01   1.0053341e+02   1.0615771e+02
   6.4482557e+01   2.1856478e+02   1.0833658e+04   8.2535145e+01   9.7994219e+01   1.0509450e+02
   6.2509475e+01   2.1480507e+02   1.0745510e+04   7.9593046e+01   9.5388365e+01   1.0379785e+02
   6.0754970e+01   2.1101317e+02   1.0671359e+04   7.6822276e+01   9.2742164e+01   1.0229663e+02
   5.9205535e+01   2.0722149e+02   1.0611559e+04   7.4233853e+01   9.0087371e+01   1.0061867e+02
   5.7884081e+01   2.0344932e+02   1.0566530e+04   7.1819448e+01   8.7457584e+01   9.8792392e+01
   5.6787182e+01   1.9972266e+02   1.0536860e+04   6.9583553e+01   8.4877511e+01   9.6846214e+01
   5.5890041e+01   1.9607278e+02   1.0523309e+04   6.7540885e+01   8.2364802e+01   9.4807630e+01
   5.5194822e+01   1.9252215e+02   1.0526694e+04   6.5693430e+01   7.9939158e+01   9.2702412e+01
   5.4718321e+01   1.8909014e+02   1.0547873e+04   6.4040046e+01   7.7617326e+01   9.0556135e+01
   5.4470225e+01   1.8579890e+02   1.0587623e+04   6.2584853e+01   7.5413217e+01   8.8392602e+01
   5.4459395e+01   1.8267125e+02   1.0646593e+04   6.1333505e+01   7.3340108e+01   8.6233262e+01
   5.4702659e+01   1.7972830e+02   1.0725240e+04   6.0289510e+01   7.1411358e+01   8.4097793e+01
   5.5219368e+01   1.7699347e+02   1.0823536e+04   5.9460743e+01   6.9636998e+01   8.2005872e+01
   5.6011587e+01   1.7449724e+02   1.0941012e+04   5.8865776e+01   6.8024199e+01   7.9975530e+01
   5.7097245e+01   1.7226528e+02   1.1076703e+04   5.8515269e+01   6.6583669e+01   7.8023351e+01
   5.8511251e+01   1.7031815e+02   1.1229146e+04   5.8411424e+01   6.5329808e+01   7.6164504e+01
   6.0272048e+01   1.6868184e+02   1.1396488e+04   5.8565895e+01   6.4271962e+01   7.4415124e+01
   6.2382344e+01   1.6738781e+02   1.1576481e+04   5.8996854e+01   6.3420564e+01   7.2788908e+01
   6.4863289e+01   1.6645976e+02   1.1766626e+04   5.9708979e+01   6.2793045e+01   7.1297149e+01
   6.7715673e+01   1.6592480e+02   1.1964388e+04   6.0714704e+01   6.2399871e+01   6.9953935e+01
   7.0919614e+01   1.6581362e+02   1.2167202e+04   6.2034349e+01   6.2244503e+01   6.8776139e+01
   7.4447057e+01   1.6615519e+02   1.2372436e+04   6.3685356e+01   6.2332853e+01   6.7777783e+01
   7.8324853e+01   1.6695585e+02   1.2577344e+04   6.5647428e+01   6.2688501e+01   6.6966733e+01
   8.2537325e+01   1.6822739e+02   1.2779299e+04   6.7913464e+01   6.3323372e+01   6.6354378e+01
   8.6995260e+01   1.6999577e+02   1.2975841e+04   7.0504094e+01   6.4231895e+01   6.5955963e+01
   9.1625217e+01   1.7227220e+02   1.3164461e+04   7.3419333e+01   6.5414007e+01   6.5782812e+01
   9.6439891e+01   1.7502976e+02   1.3342440e+04   7.6601153e+01   6.6889426e+01   6.5839767e+01
   1.0136564e+02   1.7825406e+02   1.3507209e+04   8.0020084e+01   6.8656770e+01   6.6134843e+01
   1.0622852e+02   1.8194701e+02   1.3656375e+04   8.3681734e+01   7.0690926e+01   6.6679035e+01
   1.1092715e+02   1.8607289e+02   1.3787333e+04   8.7538373e+01   7.2981889e+01   6.7474854e+01
   1.1542426e+02   1.9055970e+02   1.3897290e+04   9.1493332e+01   7.5528924e+01   6.8519503e+01
   1.1958549e+02   1.9534937e+02   1.3983715e+04   9.5484927e+01   7.8305306e+01   6.9811183e+01
   1.2319344e+02   2.0039430e+02   1.4044336e+04   9.9480508e+01   8.1261717e+01   7.1347421e+01
   1.2614458e+02   2.0559884e+02   1.4076798e+04   1.0338133e+02   8.4365725e+01   7.3115100e+01
   1.2837491e+02   2.1084477e+02   1.4079031e+04   1.0706556e+02   8.7581392e+01   7.5096901e+01
   1.2977184e+02   2.1602834e+02   1.4049842e+04   1.1044557e+02   9.0852602e+01   7.7272329e+01
   1.3019439e+02   2.2105602e+02   1.3988921e+04   1.1346005e+02   9.4107960e+01   7.9616415e+01
   1.2963156e+02   2.2580509e+02   1.3896904e+04   1.1600831e+02   9.7288175e+01   8.2095441e+01
   1.2813278e+02   2.3015305e+02   1.3775695e+04   1.1799688e+02   1.0032820e+02   8.4672074e+01
   1.2575889e+02   2.3400297e+02   1.3628386e+04   1.1936955e+02   1.0316086e+02   8.7304766e+01
   1.2258827e+02   2.3728246e+02   1.3459225e+04   1.2010480e+02   1.0571918e+02   8.9947537e+01
   1.1877662e+02   2.3992558e+02   1.3273066e+04   1.2018384e+02   1.0794683e+02   9.2555547e+01
   1.1449349e+02   2.4189685e+02   1.3074903e+04   1.1962649e+02   1.0979393e+02   9.5075022e+01
   1.0988993e+02   2.4318647e+02   1.2869475e+04   1.1847823e+02   1.1122164e+02   9.7454258e+01
   1.0512018e+02   2.4379978e+02   1.2661087e+04   1.1679183e+02   1.1220711e+02   9.9649325e+01
   1.0034169e+02   2.4375734e+02   1.2453606e+04   1.1462732e+02   1.1274352e+02   1.0162407e+02
   9.5663293e+01   2.4310430e+02   1.2250284e+04   1.1207006e+02   1.1283007e+02   1.0334738e+02
   9.1163994e+01   2.4189147e+02   1.2053453e+04   1.0920067e+02   1.1248484e+02   1.0478493e+02
   8.6927983e+01   2.4016807e+02   1.1865033e+04   1.0608457e+02   1.1174080e+02   1.0591269e+02
   8.2961780e+01   2.3800367e+02   1.1686577e+04   1.0281245e+02   1.1062132e+02   1.0672158e+02
   7.9238283e+01   2.3547387e+02   1.1519239e+04   9.9476725e+01   1.0915269e+02   1.0721033e+02
   7.5823514e+01   2.3261937e+02   1.1363714e+04   9.6104770e+01   1.0739422e+02   1.0737494e+02
   7.2744699e+01   2.2948723e+02   1.1220541e+04   9.2731679e+01   1.0539744e+02   1.0722198e+02
   6.9949662e+01   2.2614346e+02   1.1090190e+04   8.9422350e+01   1.0319552e+02   1.0676822e+02
   6.7383560e+01   2.2264944e+02   1.0972993e+04   8.6232457e+01   1.0082234e+02   1.0603403e+02
   6.5091185e+01   2.1903098e+02   1.0869111e+04   8.3158248e+01   9.8333281e+01   1.0503840e+02
   6.3074659e+01   2.1532306e+02   1.0778767e+04   8.0212422e+01   9.5770030e+01   1.0380609e+02
   6.1287553e+01   2.1157201e+02   1.0702279e+04   7.7427699e+01   9.3160565e+01   1.0236507e+02
   5.9699678e+01   2.0781592e+02   1.0640009e+04   7.4824523e+01   9.0533573e+01   1.0074317e+02
   5.8337250e+01   2.0407348e+02   1.0592355e+04   7.2393427e+01   8.7924241e+01   9.8968011e+01
   5.7201633e+01   2.0036956e+02   1.0559871e+04   7.0137009e+01   8.5358666e+01   9.7067798e+01
   5.6271218e+01   1.9673482e+02   1.0543280e+04   6.8068868e+01   8.2855561e+01   9.5069946e+01
   5.5538075e+01   1.9319482e+02   1.0543383e+04   6.6195828e+01   8.0433568e+01   9.3000251e+01
   5.5021619e+01   1.8976795e+02   1.0561018e+04   6.4514951e+01   7.8110925e+01   9.0884084e+01
   5.4731700e+01   1.8647627e+02   1.0596963e+04   6.3030229e+01   7.5901744e+01   8.8745532e+01
   5.4677248e+01   1.8334253e+02   1.0651870e+04   6.1747167e+01   7.3819496e+01   8.6606378e+01
   5.4871122e+01   1.8038874e+02   1.0726232e+04   6.0670650e+01   7.1877482e+01   8.4486370e+01
   5.5337037e+01   1.7763618e+02   1.0820107e+04   5.9805123e+01   7.0087219e+01   8.2405180e+01
   5.6076260e+01   1.7511535e+02   1.0933105e+04   5.9169387e+01   6.8455666e+01   8.0381139e+01
   5.7102657e+01   1.7285300e+02   1.1064364e+04   5.8775947e+01   6.6992786e+01   7.8431086e+01
   5.8446868e+01   1.7087075e+02   1.1212529e+04   5.8628870e+01   6.5712182e+01   7.6570468e+01
   6.0137808e+01   1.6919093e+02   1.1375823e+04   5.8733746e+01   6.4626065e+01   7.4814770e+01
   6.2171042e+01   1.6784691e+02   1.1552121e+04   5.9112969e+01   6.3741452e+01   7.3179184e+01
   6.4569762e+01   1.6686201e+02   1.1738960e+04   5.9770424e+01   6.3076641e+01   7.1674577e+01
   6.7339215e+01   1.6626217e+02   1.1933833e+04   6.0716323e+01   6.2643764e+01   7.0314316e+01
   7.0463552e+01   1.6607695e+02   1.2134203e+04   6.1968922e+01   6.2447784e+01   6.9114603e+01
   7.3909497e+01   1.6633759e+02   1.2337487e+04   6.3550262e+01   6.2490981e+01   6.8091480e+01
   7.7692933e+01   1.6705454e+02   1.2540967e+04   6.5446703e+01   6.2794617e+01   6.7252963e+01
   8.1816341e+01   1.6823527e+02   1.2741986e+04   6.7643376e+01   6.3374986e+01   6.6609272e+01
   8.6208295e+01   1.6990152e+02   1.2938057e+04   7.0153379e+01   6.4230615e+01   6.6174626e+01
   9.0768967e+01   1.7207432e+02   1.3126745e+04   7.2992800e+01   6.5354466e+01   6.5962731e+01
   9.5506391e+01   1.7473032e+02   1.3305354e+04   7.6108539e+01   6.6765459e+01   6.5978532e+01
   1.0037510e+02   1.7784915e+02   1.3471274e+04   7.9459942e+01   6.8468600e+01   6.6228831e+01
   1.0522322e+02   1.8142865e+02   1.3622084e+04   8.3044648e+01   7.0443593e+01   6.6723944e+01
   1.0990458e+02   1.8545009e+02   1.3755312e+04   8.6841439e+01   7.2670551e+01   6.7469592e+01
   1.1439146e+02   1.8984195e+02   1.3868162e+04   9.0752335e+01   7.5151774e+01   6.8462643e+01
   1.1857843e+02   1.9454089e+02   1.3958051e+04   9.4704688e+01   7.7867331e+01   6.9700722e+01
   1.2226341e+02   1.9949806e+02   1.4022686e+04   9.8661612e+01   8.0771651e+01   7.1181700e+01
   1.2529684e+02   2.0463596e+02   1.4059828e+04   1.0255110e+02   8.3824348e+01   7.2895312e+01
   1.2762681e+02   2.0983489e+02   1.4067304e+04   1.0624620e+02   8.6994096e+01   7.4824281e+01
   1.2915816e+02   2.1498713e+02   1.4043766e+04   1.0965035e+02   9.0230040e+01   7.6948696e+01
   1.2975581e+02   2.1999875e+02   1.3988785e+04   1.1269930e+02   9.3463370e+01   7.9244726e+01
   1.2936555e+02   2.2475964e+02   1.3902820e+04   1.1530964e+02   9.6630958e+01   8.1680704e+01
   1.2803869e+02   2.2914396e+02   1.3787553e+04   1.1738120e+02   9.9670745e+01   8.4219799e+01
   1.2583629e+02   2.3305015e+02   1.3645830e+04   1.1885050e+02   1.0251636e+02   8.6821689e+01
   1.2283606e+02   2.3640149e+02   1.3481604e+04   1.1968865e+02   1.0510228e+02   8.9441612e+01
   1.1916303e+02   2.3913592e+02   1.3299670e+04   1.1988376e+02   1.0736872e+02   9.2034462e+01
   1.1499848e+02   2.4120764e+02   1.3104906e+04   1.1943985e+02   1.0926729e+02   9.4550801e+01
   1.1049039e+02   2.4260514e+02   1.2902080e+04   1.1840218e+02   1.1075707e+02   9.6936413e+01
   1.0578727e+02   2.4333176e+02   1.2695519e+04   1.1682308e+02   1.1181222e+02   9.9145491e+01
   1.0103897e+02   2.4340529e+02   1.2489109e+04   1.1476146e+02   1.1242211e+02   1.0114082e+02
   9.6381384e+01   2.4286110e+02   1.2286250e+04   1.1228861e+02   1.1258825e+02   1.0289292e+02
   9.1875128e+01   2.4175592e+02   1.2089445e+04   1.0949811e+02   1.1231853e+02   1.0436959e+02
   8.7614325e+01   2.4013507e+02   1.1900626e+04   1.0645084e+02   1.1164737e+02   1.0554312e+02
   8.3632334e+01   2.3805972e+02   1.1721394e+04   1.0322524e+02   1.1060327e+02   1.0640021e+02
   7.9896540e+01   2.3560738e+02   1.1552997e+04   9.9918935e+01   1.0920798e+02   1.0694004e+02
   7.6438775e+01   2.3282999e+02   1.1396233e+04   9.6579799e+01   1.0751023e+02   1.0715974e+02
   7.3309878e+01   2.2976789e+02   1.1251645e+04   9.3232342e+01   1.0556687e+02   1.0706306e+02
   7.0486613e+01   2.2647885e+02   1.1119707e+04   8.9928469e+01   1.0341745e+02   1.0666378e+02
   6.7895171e+01   2.2303086e+02   1.1000809e+04   8.6735608e+01   1.0109029e+02   1.0598302e+02
   6.5559491e+01   2.1945681e+02   1.0895150e+04   8.3662123e+01   9.8636336e+01   1.0503932e+02
   6.3500178e+01   2.1578653e+02   1.0802932e+04   8.0712219e+01   9.6101621e+01   1.0385614e+02
   6.1688476e+01   2.1206151e+02   1.0724455e+04   7.7910748e+01   9.3518144e+01   1.0246030e+02
   6.0072832e+01   2.0832693e+02   1.0660098e+04   7.5289908e+01   9.0910104e+01   1.0088025e+02
   5.8673532e+01   2.0460357e+02   1.0610256e+04   7.2843417e+01   8.8312726e+01   9.9142826e+01
   5.7501532e+01   2.0091361e+02   1.0575447e+04   7.0569409e+01   8.5754225e+01   9.7276110e+01
   5.6544743e+01   1.9728514e+02   1.0556351e+04   6.8477183e+01   8.3255451e+01   9.5307430e+01
   5.5782187e+01   1.9374786e+02   1.0553772e+04   6.6580162e+01   8.0832952e+01   9.3262882e+01
   5.5232254e+01   1.9031998e+02   1.0568528e+04   6.4874782e+01   7.8506423e+01   9.1167329e+01
   5.4906344e+01   1.8702319e+02   1.0601417e+04   6.3364476e+01   7.6290028e+01   8.9045234e+01
   5.4814503e+01   1.8387998e+02   1.0653091e+04   6.2054436e+01   7.4197212e+01   8.6918844e+01
   5.4967227e+01   1.8091316e+02   1.0724040e+04   6.0950634e+01   7.2241165e+01   8.4808121e+01
   5.5388828e+01   1.7814271e+02   1.0814428e+04   6.0055370e+01   7.0434844e+01   8.2732334e+01
   5.6086932e+01   1.7559687e+02   1.0923916e+04   5.9384060e+01   6.8786143e+01   8.0710146e+01
   5.7069192e+01   1.7330441e+02   1.1051718e+04   5.8952431e+01   6.7303851e+01   7.8758586e+01
   5.8359043e+01   1.7128916e+02   1.1196574e+04   5.8768207e+01   6.6000063e+01   7.6893477e+01
   5.9991219e+01   1.6957146e+02   1.1356763e+04   5.8833514e+01   6.4888925e+01   7.5129791e+01
   6.1962825e+01   1.6818365e+02   1.1530261e+04   5.9170161e+01   6.3976076e+01   7.3483794e+01
   6.4294166e+01   1.6715029e+02   1.1714645e+04   5.9784166e+01   6.3278793e+01   7.1966643e+01
   6.6997002e+01   1.6649566e+02   1.1907412e+04   6.0682498e+01   6.2811580e+01   7.0590735e+01
   7.0059497e+01   1.6624822e+02   1.2106037e+04   6.1881223e+01   6.2581281e+01   6.9371365e+01
   7.3446566e+01   1.6644023e+02   1.2307974e+04   6.3404400e+01   6.2588561e+01   6.8325611e+01
   7.7156423e+01   1.6708829e+02   1.2510553e+04   6.5249006e+01   6.2849381e+01   6.7463111e+01
   8.1207826e+01   1.6819599e+02   1.2711084e+04   6.7393022e+01   6.3384337e+01   6.6792749e+01
   8.5548502e+01   1.6978024e+02   1.2907044e+04   6.9841015e+01   6.4196566e+01   6.6327523e+01
   9.0067519e+01   1.7186694e+02   1.3096034e+04   7.2616766e+01   6.5275753e+01   6.6082580e+01
   9.4746572e+01   1.7444248e+02   1.3275424e+04   7.5682769e+01   6.6634850e+01   6.6064317e+01
   9.9568974e+01   1.7747993e+02   1.3442555e+04   7.8986276e+01   6.8285569e+01   6.6278153e+01
   1.0441228e+02   1.8097034e+02   1.3594958e+04   8.2512583e+01   7.0214273e+01   6.6733068e+01
   1.0909672e+02   1.8490776e+02   1.3730252e+04   8.6260370e+01   7.2393349e+01   6.7437705e+01
   1.1358048e+02   1.8922786e+02   1.3845694e+04   9.0141790e+01   7.4823036e+01   6.8389444e+01
   1.1778788e+02   1.9386084e+02   1.3938631e+04   9.4071693e+01   7.7490414e+01   6.9585171e+01
   1.2154548e+02   1.9875199e+02   1.4006716e+04   9.8001683e+01   8.0356459e+01   7.1022139e+01
   1.2465882e+02   2.0384014e+02   1.4047804e+04   1.0188444e+02   8.3372287e+01   7.2693265e+01
   1.2707413e+02   2.0900873e+02   1.4059688e+04   1.0559557e+02   8.6508441e+01   7.4581274e+01
   1.2871346e+02   2.1414492e+02   1.4040858e+04   1.0902850e+02   8.9718911e+01   7.6666671e+01
   1.2945982e+02   2.1915044e+02   1.3990755e+04   1.1210994e+02   9.2939744e+01   7.8926061e+01
   1.2921683e+02   2.2392697e+02   1.3909733e+04   1.1477402e+02   9.6101855e+01   8.1330047e+01
   1.2803096e+02   2.2834860e+02   1.3799273e+04   1.1691808e+02   9.9146468e+01   8.3841911e+01
   1.2596527e+02   2.3230885e+02   1.3662052e+04   1.1847174e+02   1.0200723e+02   8.6422195e+01
   1.2309985e+02   2.3572613e+02   1.3501786e+04   1.1939844e+02   1.0461968e+02   8.9027238e+01
   1.1954114e+02   2.3854035e+02   1.3323151e+04   1.1968975e+02   1.0692252e+02   9.1610935e+01
   1.1546787e+02   2.4069978e+02   1.3131014e+04   1.1934112e+02   1.0886625e+02   9.4128710e+01
   1.1103391e+02   2.4218924e+02   1.2930136e+04   1.1839358e+02   1.1040983e+02   9.6524598e+01
   1.0638363e+02   2.4301108e+02   1.2724879e+04   1.1690035e+02   1.1152534e+02   9.8749859e+01
   1.0165987e+02   2.4318146e+02   1.2519150e+04   1.1492052e+02   1.1219898e+02   1.0076553e+02
   9.7003931e+01   2.4273038e+02   1.2316402e+04   1.1251913e+02   1.1243102e+02   1.0254240e+02
   9.2494752e+01   2.4171164e+02   1.2119389e+04   1.0978649e+02   1.1222685e+02   1.0405329e+02
   8.8204525e+01   2.4017592e+02   1.1930044e+04   1.0679474e+02   1.1161467e+02   1.0526751e+02
   8.4194852e+01   2.3817591e+02   1.1749984e+04   1.0360920e+02   1.1062944e+02   1.0616775e+02
   8.0451779e+01   2.3578343e+02   1.1580506e+04   1.0031956e+02   1.0929584e+02   1.0675057e+02
   7.6961528e+01   2.3306524e+02   1.1422525e+04   9.6999957e+01   1.0764863e+02   1.0701658e+02
   7.3783918e+01   2.3005944e+02   1.1276602e+04   9.3671756e+01   1.0574664e+02   1.0696733e+02
   7.0923193e+01   2.2681592e+02   1.1143201e+04   9.0374124e+01   1.0363582e+02   1.0661417e+02
   6.8316039e+01   2.2340013e+02   1.1022731e+04   8.7170775e+01   1.0134634e+02   1.0597694e+02
   6.5944749e+01   2.1985843e+02   1.0915455e+04   8.4092799e+01   9.8919449e+01   1.0507564e+02
   6.3844272e+01   2.1621665e+02   1.0821555e+04   8.1137781e+01   9.6404890e+01   1.0393235e+02
   6.2003445e+01   2.1251138e+02   1.0741309e+04   7.8322419e+01   9.3838693e+01   1.0257299e+02
   6.0370114e+01   2.0878849e+02   1.0675095e+04   7.5680113e+01   9.1244983e+01   1.0102591e+02
   5.8939804e+01   2.0507659e+02   1.0623323e+04   7.3217243e+01   8.8654808e+01   9.9318104e+01
   5.7733791e+01   2.0139487e+02   1.0586484e+04   7.0926885e+01   8.6098927e+01   9.7477263e+01
   5.6749165e+01   1.9776887e+02   1.0565219e+04   6.8814078e+01   8.3600125e+01   9.5530750e+01
   5.5964366e+01   1.9422875e+02   1.0560322e+04   6.6892925e+01   8.1174980e+01   9.3504864e+01
   5.5385683e+01   1.9079595e+02   1.0572603e+04   6.5164707e+01   7.8842412e+01   9.1424227e+01
   5.5028616e+01   1.8749079e+02   1.0602879e+04   6.3630661e+01   7.6617567e+01   8.9313372e+01
   5.4903429e+01   1.8433587e+02   1.0651820e+04   6.2296200e+01   7.4513509e+01   8.7195044e+01
   5.5021938e+01   1.8135373e+02   1.0719899e+04   6.1166907e+01   7.2543445e+01   8.5089678e+01
   5.5401920e+01   1.7856580e+02   1.0807358e+04   6.0247039e+01   7.0720615e+01   8.3015996e+01
   5.6062213e+01   1.7599610e+02   1.0913925e+04   5.9545562e+01   6.9054837e+01   8.0992973e+01
   5.7007543e+01   1.7367440e+02   1.1038868e+04   5.9079828e+01   6.7554335e+01   7.9037759e+01
   5.8255192e+01   1.7162651e+02   1.1180999e+04   5.8860754e+01   6.6229986e+01   7.7166407e+01
   5.9836240e+01   1.6987390e+02   1.1338670e+04   5.8892256e+01   6.5095389e+01   7.5393985e+01
   6.1758431e+01   1.6844531e+02   1.1509898e+04   5.9190484e+01   6.4158210e+01   7.3736562e+01
   6.4033843e+01   1.6736790e+02   1.1692333e+04   5.9766419e+01   6.3432577e+01   7.2206472e+01
   6.6679201e+01   1.6666479e+02   1.1883472e+04   6.0624818e+01   6.2934516e+01   7.0815557e+01
   6.9686599e+01   1.6636355e+02   1.2080797e+04   6.1779897e+01   6.2672395e+01   6.9578436e+01
   7.3022951e+01   1.6649618e+02   1.2281773e+04   6.3255116e+01   6.2647505e+01   6.8511971e+01
   7.6676831e+01   1.6708290e+02   1.2483762e+04   6.5053788e+01   6.2872370e+01   6.7627164e+01
   8.0672536e+01   1.6812654e+02   1.2684067e+04   6.7152181e+01   6.3368988e+01   6.6932486e+01
   8.4967540e+01   1.6964205e+02   1.2880145e+04   6.9551162e+01   6.4142771e+01   6.6440399e+01
   8.9452541e+01   1.7165606e+02   1.3069601e+04   7.2275293e+01   6.5183491e+01   6.6166315e+01
   9.4092035e+01   1.7416175e+02   1.3249851e+04   7.5297777e+01   6.6500032e+01   6.6117839e+01
   9.8882535e+01   1.7713001e+02   1.3418215e+04   7.8561250e+01   6.8107299e+01   6.6299804e+01
   1.0371736e+02   1.8054905e+02   1.3572200e+04   8.2045256e+01   6.9995301e+01   6.6720619e+01
   1.0841127e+02   1.8441666e+02   1.3709451e+04   8.5753611e+01   7.2135155e+01   6.7389917e+01
   1.1290452e+02   1.8867645e+02   1.3827278e+04   8.9610110e+01   7.4523773e+01   6.8306200e+01
   1.1713711e+02   1.9325611e+02   1.3922994e+04   9.3523790e+01   7.7152283e+01   6.9466052e+01
   1.2095185e+02   1.9809829e+02   1.3994216e+04   9.7440316e+01   7.9985715e+01   7.0866549e+01
   1.2414169e+02   2.0314763e+02   1.4038809e+04   1.0132019e+02   8.2973229e+01   7.2502095e+01
   1.2664028e+02   2.0829366e+02   1.4054569e+04   1.0504683e+02   8.6084493e+01   7.4356172e+01
   1.2837833e+02   2.1342119e+02   1.4039865e+04   1.0850828e+02   8.9276628e+01   7.6409670e+01
   1.2924693e+02   2.1842983e+02   1.3994018e+04   1.1162620e+02   9.2488686e+01   7.8639717e+01
   1.2913490e+02   2.2322502e+02   1.3917275e+04   1.1433973e+02   9.5650009e+01   8.1018208e+01
   1.2807467e+02   2.2768335e+02   1.3810938e+04   1.1654846e+02   9.8702472e+01   8.3509067e+01
   1.2612918e+02   2.3169493e+02   1.3677537e+04   1.1817686e+02   1.0158023e+02   8.6073417e+01
   1.2337674e+02   2.3517494e+02   1.3520625e+04   1.1918365e+02   1.0421894e+02   8.8668344e+01
   1.1991660e+02   2.3806187e+02   1.3344742e+04   1.1955859e+02   1.0655693e+02   9.1247588e+01
   1.1591900e+02   2.4030176e+02   1.3154753e+04   1.1929464e+02   1.0854300e+02   9.3768165e+01
   1.1154316e+02   2.4187486e+02   1.2955418e+04   1.1842715e+02   1.1013541e+02   9.6174751e+01
   1.0693246e+02   2.4278187e+02   1.2751137e+04   1.1700869e+02   1.1130461e+02   9.8416982e+01
   1.0222817e+02   2.4303716e+02   1.2545860e+04   1.1509761e+02   1.1203484e+02   1.0045450e+02
   9.7569507e+01   2.4266874e+02   1.2343084e+04   1.1275804e+02   1.1232412e+02   1.0225695e+02
   9.3054922e+01   2.4172510e+02   1.2145709e+04   1.1007296e+02   1.1217836e+02   1.0379918e+02
   8.8741565e+01   2.4026123e+02   1.1955730e+04   1.0712378e+02   1.1161981e+02   1.0504971e+02
   8.4703015e+01   2.3832629e+02   1.1774795e+04   1.0397104e+02   1.1068543e+02   1.0598895e+02
   8.0939180e+01   2.3598812e+02   1.1604239e+04   1.0069890e+02   1.0940212e+02   1.0661123e+02
   7.7421085e+01   2.3331872e+02   1.1445050e+04   9.7391457e+01   1.0779901e+02   1.0691826e+02
   7.4204982e+01   2.3035790e+02   1.1297820e+04   9.4073543e+01   1.0593359e+02   1.0691047e+02
   7.1308204e+01   2.2715209e+02   1.1163021e+04   9.0778878e+01   1.0385473e+02   1.0659775e+02
   6.8678495e+01   2.2376394e+02   1.1041070e+04   8.7566876e+01   1.0159493e+02   1.0599872e+02
   6.6277248e+01   2.2024683e+02   1.0932267e+04   8.4480547e+01   9.9190443e+01   1.0513404e+02
   6.4142421e+01   2.1662613e+02   1.0836793e+04   8.1516684e+01   9.6692184e+01   1.0402486e+02
   6.2271578e+01   2.1293615e+02   1.0754911e+04   7.8688167e+01   9.4138345e+01   1.0269661e+02
   6.0617889e+01   2.0922158e+02   1.0686989e+04   7.6026373e+01   9.1554412e+01   1.0117729e+02
   5.9161194e+01   2.0551610e+02   1.0633444e+04   7.3545904e+01   8.8968676e+01   9.9494147e+01
   5.7926428e+01   2.0183794e+02   1.0594746e+04   7.1238055e+01   8.6413293e+01   9.7674540e+01
   5.6914891e+01   1.9821151e+02   1.0571518e+04   6.9105906e+01   8.3912107e+01   9.5745894e+01
   5.6107757e+01   1.9466634e+02   1.0564528e+04   6.7162395e+01   8.1482457e+01   9.3734615e+01
   5.5502660e+01   1.9122637e+02   1.0574593e+04   6.5412668e+01   7.9142307e+01   9.1665418e+01
   5.5117805e+01   1.8791087e+02   1.0602527e+04   6.3856105e+01   7.6907951e+01   8.9562751e+01
   5.4963129e+01   1.8474255e+02   1.0649023e+04   6.2498321e+01   7.4792276e+01   8.7449688e+01
   5.5050486e+01   1.8174393e+02   1.0714571e+04   6.1344888e+01   7.2808426e+01   8.5346989e+01
   5.5395836e+01   1.7893683e+02   1.0799441e+04   6.0400534e+01   7.0969789e+01   8.3273380e+01
   5.6021416e+01   1.7634359e+02   1.0903443e+04   5.9671621e+01   6.9287183e+01   8.1247831e+01
   5.6931298e+01   1.7399420e+02   1.1025892e+04   5.9175953e+01   6.7768515e+01   7.9287726e+01
   5.8139316e+01   1.7191557e+02   1.1165661e+04   5.8926196e+01   6.6424049e+01   7.7409235e+01
   5.9673319e+01   1.7013015e+02   1.1321169e+04   5.8927819e+01   6.5266798e+01   7.5627582e+01
   6.1552313e+01   1.6866298e+02   1.1490457e+04   5.9191010e+01   6.4306952e+01   7.3958406e+01
   6.3777375e+01   1.6754466e+02   1.1671258e+04   5.9733148e+01   6.3554656e+01   7.2415462e+01
   6.6371775e+01   1.6679673e+02   1.1861055e+04   6.0555892e+01   6.3028170e+01   7.1009732e+01
   6.9333123e+01   1.6644535e+02   1.2057329e+04   6.1670707e+01   6.2737841e+01   6.9755053e+01
   7.2631983e+01   1.6652168e+02   1.2257558e+04   6.3099539e+01   6.2685800e+01   6.8668160e+01
   7.6237205e+01   1.6705268e+02   1.2459157e+04   6.4857583e+01   6.2877959e+01   6.7762554e+01
   8.0177543e+01   1.6804066e+02   1.2659417e+04   6.6919678e+01   6.3338035e+01   6.7045841e+01
   8.4431027e+01   1.6949536e+02   1.2855751e+04   6.9277321e+01   6.4076463e+01   6.6529187e+01
   8.8899598e+01   1.7144091e+02   1.3045743e+04   7.1950527e+01   6.5085529e+01   6.6227601e+01
   9.3506663e+01   1.7388447e+02   1.3226908e+04   7.4935399e+01   6.6364170e+01   6.6151612e+01
   9.8262256e+01   1.7679451e+02   1.3396541e+04   7.8169543e+01   6.7930766e+01   6.6305225e+01
   1.0308871e+02   1.8015221e+02   1.3552094e+04   8.1619824e+01   6.9782004e+01   6.6695501e+01
   1.0780789e+02   1.8395492e+02   1.3691202e+04   8.5288403e+01   7.1890511e+01   6.7332314e+01
   1.1231238e+02   1.8816314e+02   1.3811302e+04   8.9125650e+01   7.4243155e+01   6.8217013e+01
   1.1656311e+02   1.9270001e+02   1.3909651e+04   9.3031667e+01   7.6836431e+01   6.9345368e+01
   1.2043037e+02   1.9750188e+02   1.3983798e+04   9.6940162e+01   7.9641723e+01   7.0713733e+01
   1.2370424e+02   2.0251586e+02   1.4031600e+04   1.0081441e+02   8.2607973e+01   7.2317559e+01
   1.2627954e+02   2.0764583e+02   1.4050933e+04   1.0455907e+02   8.5698589e+01   7.4142143e+01
   1.2810254e+02   2.1277148e+02   1.4040016e+04   1.0805267e+02   8.8875221e+01   7.6168246e+01
   1.2908092e+02   2.1778735e+02   1.3998034e+04   1.1120734e+02   9.2081280e+01   7.8373250e+01
   1.2909761e+02   2.2260041e+02   1.3925151e+04   1.1396383e+02   9.5245578e+01   8.0730103e+01
   1.2815146e+02   2.2709580e+02   1.3822516e+04   1.1623339e+02   9.8307717e+01   8.3203788e+01
   1.2631137e+02   2.3115863e+02   1.3692544e+04   1.1793308e+02   1.0120315e+02   8.5755543e+01
   1.2365793e+02   2.3469962e+02   1.3538642e+04   1.1901545e+02   1.0386746e+02   8.8343145e+01
   1.2028978e+02   2.3765422e+02   1.3365167e+04   1.1946563e+02   1.0623962e+02   9.0920441e+01
   1.1635607e+02   2.3997079e+02   1.3177053e+04   1.1928138e+02   1.0826517e+02   9.3444869e+01
   1.1203064e+02   2.4162140e+02   1.2979032e+04   1.1848614e+02   1.0990257e+02   9.5864999e+01
   1.0745653e+02   2.4260642e+02   1.2775541e+04   1.1713358e+02   1.1112196e+02   9.8126222e+01
   1.0277125e+02   2.4293947e+02   1.2570559e+04   1.1528298e+02   1.1190587e+02   1.0018529e+02
   9.8106843e+01   2.4264741e+02   1.2367607e+04   1.1299916e+02   1.1224931e+02   1.0201033e+02
   9.3582577e+01   2.4177178e+02   1.2169727e+04   1.1035523e+02   1.1215859e+02   1.0357978e+02
   8.9244631e+01   2.4037314e+02   1.1979071e+04   1.0744345e+02   1.1164854e+02   1.0486500e+02
   8.5168952e+01   2.3849927e+02   1.1797250e+04   1.0432304e+02   1.1075767e+02   1.0584202e+02
   8.1382435e+01   2.3621003e+02   1.1625615e+04   1.0106563e+02   1.0951920e+02   1.0650151e+02
   7.7849227e+01   2.3357997e+02   1.1465212e+04   9.7760636e+01   1.0795873e+02   1.0684572e+02
   7.4593915e+01   2.3065934e+02   1.1316709e+04   9.4451220e+01   1.0612506e+02   1.0687630e+02
   7.1654375e+01   2.2748877e+02   1.1180564e+04   9.1161454e+01   1.0407213e+02   1.0660120e+02
   6.9003431e+01   2.2412374e+02   1.1057184e+04   8.7939083e+01   1.0183837e+02   1.0603688e+02
   6.6579722e+01   2.2062523e+02   1.0946911e+04   8.4840000e+01   9.9454271e+01   1.0520519e+02
   6.4409518e+01   2.1702268e+02   1.0849941e+04   8.1867704e+01   9.6968823e+01   1.0412675e+02
   6.2505621e+01   2.1334604e+02   1.0766511e+04   7.9027753e+01   9.4423784e+01   1.0282642e+02
   6.0836239e+01   2.0963580e+02   1.0696970e+04   7.6344542e+01   9.1848114e+01   1.0133150e+02
   5.9357606e+01   2.0593320e+02   1.0641751e+04   7.3845014e+01   8.9265343e+01   9.9670068e+01
   5.8093888e+01   2.0225680e+02   1.0601316e+04   7.1520687e+01   8.6708589e+01   9.7868865e+01
   5.7054008e+01   1.9862880e+02   1.0576260e+04   6.9370972e+01   8.4203222e+01   9.5955466e+01
   5.6227348e+01   1.9507648e+02   1.0567320e+04   6.7404985e+01   8.1768304e+01   9.3956358e+01
   5.5598791e+01   1.9162766e+02   1.0575330e+04   6.5634086e+01   7.9419722e+01   9.1896570e+01
   5.5188280e+01   1.8830056e+02   1.0601093e+04   6.4055558e+01   7.7175527e+01   8.9800110e+01
   5.5005722e+01   1.8511798e+02   1.0645341e+04   6.2675342e+01   7.5048135e+01   8.7690485e+01
   5.5063027e+01   1.8210261e+02   1.0708577e+04   6.1499303e+01   7.3050300e+01   8.5588936e+01
   5.5375389e+01   1.7927656e+02   1.0791069e+04   6.0532529e+01   7.1195441e+01   8.3514384e+01
   5.5967439e+01   1.7666042e+02   1.0892730e+04   5.9778461e+01   6.9496066e+01   8.1485275e+01
   5.6847336e+01   1.7428289e+02   1.1012913e+04   5.9253113e+01   6.7960151e+01   7.9519504e+01
   5.8021921e+01   1.7217331e+02   1.1150537e+04   5.8972911e+01   6.6596819e+01   7.7633252e+01
   5.9512152e+01   1.7035633e+02   1.1304090e+04   5.8946821e+01   6.5417853e+01   7.5841928e+01
   6.1349547e+01   1.6885303e+02   1.1471637e+04   5.9178213e+01   6.4436773e+01   7.4160416e+01
   6.3525948e+01   1.6769643e+02   1.1651000e+04   5.9690123e+01   6.3658634e+01   7.2604821e+01
   6.6066235e+01   1.6690827e+02   1.1839659e+04   6.0484034e+01   6.3102639e+01   7.1185516e+01
   6.8983845e+01   1.6651031e+02   1.2035046e+04   6.1563096e+01   6.2784614e+01   6.9914256e+01
   7.2257833e+01   1.6653112e+02   1.2234634e+04   6.2944280e+01   6.2710145e+01   6.8806350e+01
   7.5836321e+01   1.6700473e+02   1.2435921e+04   6.4655797e+01   6.2876590e+01   6.7879464e+01
   7.9715629e+01   1.6794411e+02   1.2636255e+04   6.6690287e+01   6.3299923e+01   6.7142678e+01
   8.3915586e+01   1.6934748e+02   1.2832957e+04   6.9018941e+01   6.4001384e+01   6.6604020e+01
   8.8378180e+01   1.7122749e+02   1.3023522e+04   7.1641960e+01   6.4983089e+01   6.6275858e+01
   9.2979661e+01   1.7360697e+02   1.3205577e+04   7.4581411e+01   6.6231944e+01   6.6172917e+01
   9.7690565e+01   1.7646794e+02   1.3376510e+04   7.7796681e+01   6.7757878e+01   6.6300906e+01
   1.0249008e+02   1.7977615e+02   1.3533651e+04   8.1227794e+01   6.9570716e+01   6.6663989e+01
   1.0725169e+02   1.8351475e+02   1.3674528e+04   8.4852499e+01   7.1654642e+01   6.7269483e+01
   1.1178637e+02   1.8767107e+02   1.3796775e+04   8.8664578e+01   7.3978229e+01   6.8124394e+01
   1.1604127e+02   1.9217457e+02   1.3897681e+04   9.2572913e+01   7.6536521e+01   6.9224441e+01
   1.1993958e+02   1.9694679e+02   1.3974647e+04   9.6485479e+01   7.9312701e+01   7.0564217e+01
   1.2331454e+02   2.0192347e+02   1.4025432e+04   1.0034572e+02   8.2264807e+01   7.2137950e+01
   1.2597349e+02   2.0703717e+02   1.4048098e+04   1.0410344e+02   8.5339249e+01   7.3935689e+01
   1.2786577e+02   2.1216760e+02   1.4040788e+04   1.0763534e+02   8.8500812e+01   7.5937342e+01
   1.2893126e+02   2.1719727e+02   1.4002451e+04   1.1083364e+02   9.1699818e+01   7.8120257e+01
   1.2908381e+02   2.2202462e+02   1.3933136e+04   1.1362418e+02   9.4871211e+01   8.0457434e+01
   1.2825270e+02   2.2655389e+02   1.3833936e+04   1.1594798e+02   9.7943882e+01   8.2916395e+01
   1.2650745e+02   2.3066809e+02   1.3707113e+04   1.1771662e+02   1.0085798e+02   8.5457718e+01
   1.2393845e+02   2.3427088e+02   1.3556041e+04   1.1887451e+02   1.0354722e+02   8.8039479e+01
   1.2065387e+02   2.3729093e+02   1.3384840e+04   1.1939689e+02   1.0595138e+02   9.0616623e+01
   1.1678221e+02   2.3968102e+02   1.3198363e+04   1.1928824e+02   1.0801631e+02   9.3142096e+01
   1.1249187e+02   2.4140803e+02   1.3001585e+04   1.1856627e+02   1.0969112e+02   9.5579808e+01
   1.0794685e+02   2.4246702e+02   1.2798863e+04   1.1727631e+02   1.1095151e+02   9.7869549e+01
   1.0328731e+02   2.4287147e+02   1.2594121e+04   1.1547802e+02   1.1178524e+02   9.9956181e+01
   9.8634652e+01   2.4264826e+02   1.2390855e+04   1.1323867e+02   1.1218651e+02   1.0180089e+02
   9.4091521e+01   2.4183762e+02   1.2192135e+04   1.1063312e+02   1.1215600e+02   1.0338120e+02
   8.9740786e+01   2.4049333e+02   1.2000595e+04   1.0774407e+02   1.1170088e+02   1.0469043e+02
   8.5616748e+01   2.3867927e+02   1.1817938e+04   1.0465857e+02   1.1084621e+02   1.0570651e+02
   8.1777673e+01   2.3644401e+02   1.1645292e+04   1.0142905e+02   1.0964023e+02   1.0640594e+02
   7.8244958e+01   2.3384473e+02   1.1483684e+04   9.8116441e+01   1.0812283e+02   1.0678519e+02
   7.4976026e+01   2.3095304e+02   1.1333920e+04   9.4800895e+01   1.0632358e+02   1.0685161e+02
   7.1978801e+01   2.2781937e+02   1.1196504e+04   9.1523176e+01   1.0428952e+02   1.0661329e+02
   6.9283555e+01   2.2448189e+02   1.1071775e+04   8.8301860e+01   1.0207322e+02   1.0608329e+02
   6.6865072e+01   2.2099109e+02   1.0960058e+04   8.5175680e+01   9.9713134e+01   1.0528144e+02
   6.4668873e+01   2.1740182e+02   1.0861653e+04   8.2190495e+01   9.7239919e+01   1.0423173e+02
   6.2715184e+01   2.1374194e+02   1.0776775e+04   7.9348141e+01   9.4698122e+01   1.0295762e+02
   6.1014911e+01   2.1003911e+02   1.0705708e+04   7.6651666e+01   9.2125778e+01   1.0148557e+02
   5.9540491e+01   2.0633018e+02   1.0648868e+04   7.4120817e+01   8.9549578e+01   9.9843382e+01
   5.8253585e+01   2.0265288e+02   1.0606782e+04   7.1778269e+01   8.6990998e+01   9.8058998e+01
   5.7176927e+01   1.9902502e+02   1.0580022e+04   6.9615994e+01   8.4479258e+01   9.6159076e+01
   5.6320767e+01   1.9546782e+02   1.0569277e+04   6.7633310e+01   8.2036622e+01   9.4170588e+01
   5.5680679e+01   1.9200651e+02   1.0575337e+04   6.5837290e+01   7.9680509e+01   9.2118982e+01
   5.5247925e+01   1.8866717e+02   1.0599055e+04   6.4237539e+01   7.7425651e+01   9.0027978e+01
   5.5043286e+01   1.8546830e+02   1.0641167e+04   6.2832646e+01   7.5288318e+01   8.7920285e+01
   5.5073482e+01   1.8243500e+02   1.0702265e+04   6.1632951e+01   7.3278159e+01   8.5818323e+01
   5.5351341e+01   1.7959101e+02   1.0782596e+04   6.0646440e+01   7.1406430e+01   8.3742270e+01
   5.5898727e+01   1.7695771e+02   1.0882046e+04   5.9877090e+01   6.9686772e+01   8.1709939e+01
   5.6751295e+01   1.7455263e+02   1.1000144e+04   5.9323507e+01   6.8133681e+01   7.9738379e+01
   5.7926858e+01   1.7240174e+02   1.1135844e+04   5.8998193e+01   6.6754881e+01   7.7845761e+01
   5.9407165e+01   1.7054386e+02   1.1287572e+04   5.8930724e+01   6.5558126e+01   7.6045649e+01
   6.1191525e+01   1.6901072e+02   1.1453474e+04   5.9140171e+01   6.4553563e+01   7.4351903e+01
   6.3299005e+01   1.6782628e+02   1.1631430e+04   5.9634104e+01   6.3753629e+01   7.2779003e+01
   6.5768433e+01   1.6700666e+02   1.1819049e+04   6.0408588e+01   6.3173059e+01   7.1342051e+01
   6.8631600e+01   1.6656837e+02   1.2013733e+04   6.1461156e+01   6.2824515e+01   7.0056748e+01
   7.1835744e+01   1.6655133e+02   1.2212932e+04   6.2824749e+01   6.2711948e+01   6.8935450e+01
   7.5400851e+01   1.6696787e+02   1.2413961e+04   6.4488207e+01   6.2855933e+01   6.7987571e+01
   7.9303101e+01   1.6783725e+02   1.2614244e+04   6.6455645e+01   6.3265081e+01   6.7225832e+01
   8.3459160e+01   1.6919030e+02   1.2811339e+04   6.8753942e+01   6.3933298e+01   6.6666310e+01
   8.7818927e+01   1.7103882e+02   1.3002719e+04   7.1380834e+01   6.4865652e+01   6.6319717e+01
   9.2419859e+01   1.7335768e+02   1.3185658e+04   7.4276870e+01   6.6087770e+01   6.6190536e+01
   9.7202996e+01   1.7613869e+02   1.3357615e+04   7.7417744e+01   6.7601686e+01   6.6287663e+01
   1.0199643e+02   1.7939514e+02   1.3516267e+04   8.0822105e+01   6.9382489e+01   6.6624783e+01
   1.0668311e+02   1.8310961e+02   1.3659123e+04   8.4465149e+01   7.1417904e+01   6.7207661e+01
   1.1125535e+02   1.8721541e+02   1.3783394e+04   8.8250124e+01   7.3716803e+01   6.8033842e+01
   1.1560708e+02   1.9166029e+02   1.3886523e+04   9.2115330e+01   7.6261805e+01   6.9103348e+01
   1.1953452e+02   1.9640652e+02   1.3966206e+04   9.6034213e+01   7.9010304e+01   7.0417041e+01
   1.2290367e+02   2.0138127e+02   1.4020080e+04   9.9934170e+01   8.1929518e+01   7.1966858e+01
   1.2565944e+02   2.0647400e+02   1.4045797e+04   1.0369439e+02   8.4993359e+01   7.3738558e+01
   1.2769123e+02   2.1158634e+02   1.4041697e+04   1.0722532e+02   8.8154736e+01   7.5715780e+01
   1.2884075e+02   2.1663170e+02   1.4006856e+04   1.1046732e+02   9.1347906e+01   7.7878755e+01
   1.2904482e+02   2.2149849e+02   1.3941067e+04   1.1332891e+02   9.4515446e+01   8.0199123e+01
   1.2832608e+02   2.2605935e+02   1.3845173e+04   1.1570299e+02   9.7598872e+01   8.2643863e+01
   1.2671195e+02   2.3020924e+02   1.3721261e+04   1.1751836e+02   1.0053306e+02   8.5175959e+01
   1.2424051e+02   2.3386579e+02   1.3572663e+04   1.1873862e+02   1.0324940e+02   8.7753569e+01
   1.2101982e+02   2.3695246e+02   1.3403588e+04   1.1933205e+02   1.0568764e+02   9.0333007e+01
   1.1721188e+02   2.3941128e+02   1.3218766e+04   1.1929046e+02   1.0779267e+02   9.2864844e+01
   1.1296185e+02   2.4121399e+02   1.3022969e+04   1.1864041e+02   1.0951580e+02   9.5299209e+01
   1.0842496e+02   2.4234939e+02   1.2820697e+04   1.1741932e+02   1.1082471e+02   9.7590639e+01
   1.0376655e+02   2.4282332e+02   1.2616174e+04   1.1567543e+02   1.1170347e+02   9.9698079e+01
   9.9107608e+01   2.4266863e+02   1.2413115e+04   1.1348688e+02   1.1213976e+02   1.0158599e+02
   9.4554636e+01   2.4192445e+02   1.2214309e+04   1.1092662e+02   1.1214262e+02   1.0321647e+02
   9.0209429e+01   2.4063334e+02   1.2022089e+04   1.0805941e+02   1.1173652e+02   1.0455938e+02
   8.6100814e+01   2.3885876e+02   1.1838380e+04   1.0497470e+02   1.1093853e+02   1.0559988e+02
   8.2205331e+01   2.3667786e+02   1.1664676e+04   1.0177499e+02   1.0976501e+02   1.0633343e+02
   7.8589562e+01   2.3413428e+02   1.1501925e+04   9.8498182e+01   1.0826948e+02   1.0674936e+02
   7.5313364e+01   2.3126853e+02   1.1350825e+04   9.5172193e+01   1.0650773e+02   1.0684668e+02
   7.2347568e+01   2.2814318e+02   1.1211987e+04   9.1859330e+01   1.0451540e+02   1.0663645e+02
   6.9602519e+01   2.2483408e+02   1.1085908e+04   8.8641649e+01   1.0231541e+02   1.0613872e+02
   6.7114079e+01   2.2137314e+02   1.0972818e+04   8.5526378e+01   9.9962529e+01   1.0536782e+02
   6.4910372e+01   2.1779028e+02   1.0872926e+04   8.2517912e+01   9.7505870e+01   1.0434441e+02
   6.2963357e+01   2.1412890e+02   1.0786524e+04   7.9644060e+01   9.4978983e+01   1.0309386e+02
   6.1216508e+01   2.1043754e+02   1.0713964e+04   7.6942111e+01   9.2406570e+01   1.0164400e+02
   5.9689014e+01   2.0673871e+02   1.0655581e+04   7.4407861e+01   8.9825997e+01   1.0002078e+02
   5.8393028e+01   2.0305525e+02   1.0611826e+04   7.2039652e+01   8.7268027e+01   9.8251921e+01
   5.7314145e+01   1.9941665e+02   1.0583306e+04   6.9848301e+01   8.4755081e+01   9.6364878e+01
   5.6426698e+01   1.9585444e+02   1.0570762e+04   6.7849485e+01   8.2304631e+01   9.4386251e+01
   5.5748324e+01   1.9238702e+02   1.0574965e+04   6.6039195e+01   7.9938218e+01   9.2341319e+01
   5.5291191e+01   1.8903535e+02   1.0596713e+04   6.4419119e+01   7.7672001e+01   9.0255101e+01
   5.5062798e+01   1.8582209e+02   1.0636724e+04   6.2994282e+01   7.5520398e+01   8.8150553e+01
   5.5069560e+01   1.8277043e+02   1.0695633e+04   6.1771110e+01   7.3496923e+01   8.6048451e+01
   5.5354079e+01   1.7989287e+02   1.0773766e+04   6.0739607e+01   7.1619948e+01   8.3968083e+01
   5.5904565e+01   1.7722370e+02   1.0871078e+04   5.9925409e+01   6.9892637e+01   8.1929757e+01
   5.6707163e+01   1.7479862e+02   1.0987091e+04   5.9355949e+01   6.8318355e+01   7.9952192e+01
   5.7776169e+01   1.7264404e+02   1.1120843e+04   5.9043212e+01   6.6907518e+01   7.8051858e+01
   5.9154028e+01   1.7077711e+02   1.1270886e+04   5.8983733e+01   6.5677590e+01   7.6242976e+01
   6.0909704e+01   1.6920622e+02   1.1435291e+04   5.9159492e+01   6.4652623e+01   7.4537651e+01
   6.3025016e+01   1.6796786e+02   1.1611974e+04   5.9599973e+01   6.3833459e+01   7.2953728e+01
   6.5490253e+01   1.6709552e+02   1.1798528e+04   6.0326387e+01   6.3229882e+01   7.1504508e+01
   6.8325287e+01   1.6660969e+02   1.1992383e+04   6.1338980e+01   6.2860287e+01   7.0200852e+01
   7.1521555e+01   1.6653588e+02   1.2190992e+04   6.2649098e+01   6.2733763e+01   6.9056729e+01
   7.5041976e+01   1.6690460e+02   1.2391841e+04   6.4279176e+01   6.2850148e+01   6.8089168e+01
   7.8849574e+01   1.6774065e+02   1.2592355e+04   6.6242216e+01   6.3214750e+01   6.7311208e+01
   8.2970065e+01   1.6904214e+02   1.2789837e+04   6.8507745e+01   6.3851886e+01   6.6729516e+01
   8.7375773e+01   1.7081457e+02   1.2981716e+04   7.1062892e+01   6.4770970e+01   6.6354735e+01
   9.1958868e+01   1.7307808e+02   1.3165591e+04   7.3924197e+01   6.5962453e+01   6.6201159e+01
   9.6638043e+01   1.7583331e+02   1.3338974e+04   7.7080915e+01   6.7424100e+01   6.6278220e+01
   1.0141116e+02   1.7904351e+02   1.3499166e+04   8.0466964e+01   6.9170580e+01   6.6589279e+01
   1.0618734e+02   1.8268429e+02   1.3643625e+04   8.4045641e+01   7.1194434e+01   6.7140302e+01
   1.1078169e+02   1.8674499e+02   1.3769984e+04   8.7812083e+01   7.3465385e+01   6.7939142e+01
   1.1509229e+02   1.9117402e+02   1.3875661e+04   9.1703823e+01   7.5968944e+01   6.8984595e+01
   1.1906795e+02   1.9588812e+02   1.3957968e+04   9.5618250e+01   7.8695258e+01   7.0270770e+01
   1.2257142e+02   2.0081711e+02   1.4014569e+04   9.9486396e+01   8.1609828e+01   7.1791589e+01
   1.2539669e+02   2.0589980e+02   1.4043490e+04   1.0326585e+02   8.4657533e+01   7.3539148e+01
   1.2745526e+02   2.1103021e+02   1.4042876e+04   1.0685316e+02   8.7798734e+01   7.5495229e+01
   1.2870130e+02   2.1608489e+02   1.4011417e+04   1.1012911e+02   9.0988995e+01   7.7637626e+01
   1.2906165e+02   2.2095679e+02   1.3948906e+04   1.1300878e+02   9.4167937e+01   7.9940207e+01
   1.2845036e+02   2.2555233e+02   1.3856238e+04   1.1543583e+02   9.7263064e+01   8.2372097e+01
   1.2690074e+02   2.2976025e+02   1.3735368e+04   1.1732894e+02   1.0021335e+02   8.4895235e+01
   1.2450625e+02   2.3347714e+02   1.3589497e+04   1.1862267e+02   1.0295310e+02   8.7468051e+01
   1.2137269e+02   2.3662566e+02   1.3422576e+04   1.1928493e+02   1.0542047e+02   9.0046288e+01
   1.1762517e+02   2.3915300e+02   1.3239246e+04   1.1931295e+02   1.0756094e+02   9.2582726e+01
   1.1341559e+02   2.4102557e+02   1.3044606e+04   1.1872598e+02   1.0932105e+02   9.5039523e+01
   1.0891621e+02   2.4223002e+02   1.2843147e+04   1.1756037e+02   1.1066768e+02   9.7367482e+01
   1.0427701e+02   2.4277603e+02   1.2638820e+04   1.1587176e+02   1.1159159e+02   9.9503368e+01
   9.9624771e+01   2.4268715e+02   1.2435171e+04   1.1372476e+02   1.1208794e+02   1.0140167e+02
   9.5063136e+01   2.4200075e+02   1.2235343e+04   1.1119289e+02   1.1215619e+02   1.0303479e+02
   9.0672593e+01   2.4076802e+02   1.2042075e+04   1.0835862e+02   1.1180007e+02   1.0439299e+02
   8.6502806e+01   2.3905314e+02   1.1857537e+04   1.0531229e+02   1.1103192e+02   1.0547387e+02
   8.2592049e+01   2.3691127e+02   1.1682800e+04   1.0211875e+02   1.0989775e+02   1.0624419e+02
   7.8990124e+01   2.3439131e+02   1.1518867e+04   9.8825884e+01   1.0844545e+02   1.0669421e+02
   7.5680020e+01   2.3155803e+02   1.1366585e+04   9.5503550e+01   1.0670966e+02   1.0682810e+02
   7.2622954e+01   2.2847751e+02   1.1226564e+04   9.2219596e+01   1.0472465e+02   1.0665647e+02
   6.9856024e+01   2.2518683e+02   1.1099155e+04   8.8991005e+01   1.0254511e+02   1.0619024e+02
   6.7380858e+01   2.2172920e+02   1.0984667e+04   8.5844387e+01   1.0021594e+02   1.0544732e+02
   6.5148116e+01   2.1815887e+02   1.0883409e+04   8.2824785e+01   9.7768896e+01   1.0445111e+02
   6.3138611e+01   2.1451666e+02   1.0795641e+04   7.9955241e+01   9.5240858e+01   1.0322565e+02
   6.1378181e+01   2.1082614e+02   1.0721607e+04   7.7231750e+01   9.2673916e+01   1.0179655e+02
   5.9858798e+01   2.0711875e+02   1.0661683e+04   7.4664847e+01   9.0099387e+01   1.0019116e+02
   5.8539071e+01   2.0343373e+02   1.0616377e+04   7.2279474e+01   8.7538502e+01   9.8437683e+01
   5.7415160e+01   1.9979707e+02   1.0586270e+04   7.0080395e+01   8.5016881e+01   9.6562882e+01
   5.6507770e+01   1.9622684e+02   1.0572022e+04   6.8061557e+01   8.2559413e+01   9.4593701e+01
   5.5820626e+01   1.9274598e+02   1.0574389e+04   6.6226160e+01   8.0185130e+01   9.2556053e+01
   5.5345052e+01   1.8938091e+02   1.0594210e+04   6.4584125e+01   7.7908887e+01   9.0474163e+01
   5.5091255e+01   1.8615229e+02   1.0632260e+04   6.3137088e+01   7.5747075e+01   8.8370438e+01
   5.5072991e+01   1.8308262e+02   1.0689176e+04   6.1891045e+01   7.3711265e+01   8.6267358e+01
   5.5297012e+01   1.8019778e+02   1.0765306e+04   6.0857675e+01   7.1810678e+01   8.4185961e+01
   5.5781063e+01   1.7752062e+02   1.0860603e+04   6.0043501e+01   7.0057466e+01   8.2144931e+01
   5.6553897e+01   1.7507096e+02   1.0974625e+04   5.9449887e+01   6.8466701e+01   8.0160607e+01
   5.7647601e+01   1.7286865e+02   1.1106535e+04   5.9079997e+01   6.7049240e+01   7.8251011e+01
   5.9060313e+01   1.7094710e+02   1.1254856e+04   5.8956290e+01   6.5812604e+01   7.6431725e+01
   6.0788723e+01   1.6933956e+02   1.1417743e+04   5.9099395e+01   6.4767848e+01   7.4715672e+01
   6.2841958e+01   1.6807358e+02   1.1593120e+04   5.9522159e+01   6.3926507e+01   7.3116835e+01
   6.5241583e+01   1.6717113e+02   1.1778680e+04   6.0229644e+01   6.3300599e+01   7.1650257e+01
   6.8018685e+01   1.6664938e+02   1.1971892e+04   6.1220522e+01   6.2902168e+01   7.0332020e+01
   7.1141602e+01   1.6654224e+02   1.2170184e+04   6.2519217e+01   6.2736254e+01   6.9175955e+01
   7.4620359e+01   1.6686642e+02   1.2370884e+04   6.4120912e+01   6.2822223e+01   6.8191026e+01
   7.8448269e+01   1.6763733e+02   1.2571377e+04   6.6022496e+01   6.3173066e+01   6.7388859e+01
   8.2557534e+01   1.6888248e+02   1.2769190e+04   6.8244460e+01   6.3786562e+01   6.6784741e+01
   8.6869951e+01   1.7062430e+02   1.2961861e+04   7.0801901e+01   6.4660122e+01   6.6392034e+01
   9.1416396e+01   1.7284203e+02   1.3146682e+04   7.3641415e+01   6.5818129e+01   6.6215652e+01
   9.6161531e+01   1.7552304e+02   1.3321069e+04   7.6729831e+01   6.7268245e+01   6.6263477e+01
   1.0095965e+02   1.7867548e+02   1.3482648e+04   8.0075655e+01   6.8991813e+01   6.6548013e+01
   1.0566312e+02   1.8229449e+02   1.3629009e+04   8.3673179e+01   7.0969654e+01   6.7077875e+01
   1.1026413e+02   1.8631685e+02   1.3757374e+04   8.7429143e+01   7.3211562e+01   6.7850968e+01
   1.1467515e+02   1.9068804e+02   1.3865142e+04   9.1275716e+01   7.5705037e+01   6.8867185e+01
   1.1870600e+02   1.9536942e+02   1.3949968e+04   9.5182448e+01   7.8411282e+01   7.0127650e+01
   1.2219330e+02   2.0030037e+02   1.4009536e+04   9.9093990e+01   8.1292733e+01   7.1626729e+01
   1.2508641e+02   2.0537128e+02   1.4041417e+04   1.0288826e+02   8.4326448e+01   7.3350556e+01
   1.2728414e+02   2.1048184e+02   1.4043803e+04   1.0647013e+02   8.7469255e+01   7.5283499e+01
   1.2863186e+02   2.1554476e+02   1.4015620e+04   1.0977657e+02   9.0658030e+01   7.7406822e+01
   1.2903558e+02   2.2045665e+02   1.3956490e+04   1.1272724e+02   9.3832446e+01   7.9694094e+01
   1.2851427e+02   2.2508796e+02   1.3866996e+04   1.1521006e+02   9.6936397e+01   8.2112920e+01
   1.2709186e+02   2.2932941e+02   1.3748957e+04   1.1714715e+02   9.9905532e+01   8.4627346e+01
   1.2480252e+02   2.3309428e+02   1.3605444e+04   1.1849545e+02   1.0267180e+02   8.7196581e+01
   1.2173040e+02   2.3630691e+02   1.3440534e+04   1.1922603e+02   1.0517160e+02   8.9777075e+01
   1.1804060e+02   2.3890124e+02   1.3258840e+04   1.1931912e+02   1.0735062e+02   9.2320958e+01
   1.1387679e+02   2.4084476e+02   1.3065173e+04   1.1879784e+02   1.0915709e+02   9.4777810e+01
   1.0939235e+02   2.4212242e+02   1.2864084e+04   1.1769682e+02   1.1055540e+02   9.7101387e+01
   1.0475107e+02   2.4273637e+02   1.2659861e+04   1.1606179e+02   1.1152630e+02   9.9249688e+01
   1.0008997e+02   2.4271304e+02   1.2456383e+04   1.1396319e+02   1.1205778e+02   1.0118610e+02
   9.5507795e+01   2.4209308e+02   1.2256589e+04   1.1148018e+02   1.1215160e+02   1.0287321e+02
   9.1117682e+01   2.4091556e+02   1.2062903e+04   1.0867416e+02   1.1183238e+02   1.0427808e+02
   8.6962098e+01   2.3924001e+02   1.1877342e+04   1.0563027e+02   1.1111808e+02   1.0538295e+02
   8.3020016e+01   2.3714359e+02   1.1701502e+04   1.0245309e+02   1.1002252e+02   1.0618269e+02
   7.9338593e+01   2.3467713e+02   1.1536432e+04   9.9194169e+01   1.0859209e+02   1.0666686e+02
   7.5992521e+01   2.3187764e+02   1.1382859e+04   9.5876302e+01   1.0688577e+02   1.0683175e+02
   7.2969465e+01   2.2880362e+02   1.1241417e+04   9.2555606e+01   1.0494283e+02   1.0668603e+02
   7.0179120e+01   2.2553225e+02   1.1112642e+04   8.9316895e+01   1.0278541e+02   1.0624911e+02
   6.7631961e+01   2.2210433e+02   1.0996811e+04   8.6182393e+01   1.0046237e+02   1.0553593e+02
   6.5369248e+01   2.1854657e+02   1.0894120e+04   8.3151009e+01   9.8026655e+01   1.0456547e+02
   6.3372904e+01   2.1490010e+02   1.0804845e+04   8.0246618e+01   9.5514588e+01   1.0336228e+02
   6.1583950e+01   2.1121495e+02   1.0729333e+04   7.7508775e+01   9.2950804e+01   1.0195412e+02
   6.0008055e+01   2.0751829e+02   1.0667918e+04   7.4940561e+01   9.0370870e+01   1.0036698e+02
   5.8663705e+01   2.0383136e+02   1.0621017e+04   7.2537338e+01   8.7807681e+01   9.8628329e+01
   5.7541272e+01   2.0018249e+02   1.0589205e+04   7.0307724e+01   8.5285239e+01   9.6765698e+01
   5.6612533e+01   1.9660426e+02   1.0573203e+04   6.8268787e+01   8.2821067e+01   9.4805984e+01
   5.5888496e+01   1.9311690e+02   1.0573772e+04   6.6419102e+01   8.0436645e+01   9.2774522e+01
   5.5383812e+01   1.8974051e+02   1.0591715e+04   6.4758761e+01   7.8149078e+01   9.0696583e+01
   5.5106534e+01   1.8649752e+02   1.0627766e+04   6.3292290e+01   7.5973085e+01   8.8595555e+01
   5.5061403e+01   1.8341162e+02   1.0682584e+04   6.2026806e+01   7.3922023e+01   8.6492672e+01
   5.5285134e+01   1.8049666e+02   1.0756585e+04   6.0954325e+01   7.2013966e+01   8.4407288e+01
   5.5779834e+01   1.7778179e+02   1.0849794e+04   6.0092151e+01   7.0255317e+01   8.2359655e+01
   5.6527150e+01   1.7530411e+02   1.0961836e+04   5.9470137e+01   6.8648296e+01   8.0368927e+01
   5.7536473e+01   1.7309162e+02   1.1091851e+04   5.9102922e+01   6.7202081e+01   7.8452009e+01
   5.8844930e+01   1.7116320e+02   1.1238493e+04   5.8989928e+01   6.5932813e+01   7.6623563e+01
   6.0517393e+01   1.6952859e+02   1.1399931e+04   5.9115364e+01   6.4863590e+01   7.4896001e+01
   6.2561143e+01   1.6821602e+02   1.1574091e+04   5.9494992e+01   6.4001619e+01   7.3285667e+01
   6.4948635e+01   1.6726508e+02   1.1758661e+04   6.0160770e+01   6.3350755e+01   7.1807787e+01
   6.7704185e+01   1.6669562e+02   1.1951071e+04   6.1111423e+01   6.2930827e+01   7.0472736e+01
   7.0824271e+01   1.6653235e+02   1.2148776e+04   6.2356508e+01   6.2752498e+01   6.9293976e+01
   7.4277488e+01   1.6680488e+02   1.2349256e+04   6.3916444e+01   6.2817246e+01   6.8288067e+01
   7.8020182e+01   1.6754157e+02   1.2549965e+04   6.5810434e+01   6.3126711e+01   6.7469886e+01
   8.2073264e+01   1.6874352e+02   1.2748204e+04   6.8012172e+01   6.3704666e+01   6.6845986e+01
   8.6423492e+01   1.7041388e+02   1.2941377e+04   7.0503812e+01   6.4563940e+01   6.6426359e+01
   9.0976429e+01   1.7257084e+02   1.3127054e+04   7.3297607e+01   6.5698062e+01   6.6224849e+01
   9.5630805e+01   1.7522375e+02   1.3302801e+04   7.6396157e+01   6.7099957e+01   6.6252766e+01
   1.0038722e+02   1.7833796e+02   1.3465920e+04   7.9735180e+01   6.8785403e+01   6.6513542e+01
   1.0517351e+02   1.8188654e+02   1.3613838e+04   8.3271896e+01   7.0751516e+01   6.7012734e+01
   1.0981629e+02   1.8585853e+02   1.3744169e+04   8.6998958e+01   7.2970933e+01   6.7758392e+01
   1.1418579e+02   1.9021437e+02   1.3854404e+04   9.0871465e+01   7.5423906e+01   6.8751541e+01
   1.1824017e+02   1.9487114e+02   1.3941817e+04   9.4784736e+01   7.8103997e+01   6.9986424e+01
   1.2185774e+02   1.9975673e+02   1.4004005e+04   9.8664058e+01   8.0981312e+01   7.1457219e+01
   1.2483607e+02   2.0481116e+02   1.4038929e+04   1.0246652e+02   8.4002822e+01   7.3157022e+01
   1.2705813e+02   2.0993919e+02   1.4044710e+04   1.0610336e+02   8.7125497e+01   7.5069603e+01
   1.2848209e+02   2.1501585e+02   1.4019849e+04   1.0945061e+02   9.0308296e+01   7.7173331e+01
   1.2903769e+02   2.1993147e+02   1.3963909e+04   1.1241751e+02   9.3493645e+01   7.9443067e+01
   1.2863418e+02   2.2459156e+02   1.3877562e+04   1.1494502e+02   9.6610024e+01   8.1849133e+01
   1.2727632e+02   2.2888875e+02   1.3762503e+04   1.1695707e+02   9.9594480e+01   8.4354857e+01
   1.2505495e+02   2.3271454e+02   1.3621706e+04   1.1838044e+02   1.0238251e+02   8.6919235e+01
   1.2207103e+02   2.3598666e+02   1.3458970e+04   1.1917702e+02   1.0491093e+02   8.9498675e+01
   1.1844477e+02   2.3864741e+02   1.3278796e+04   1.1933825e+02   1.0712364e+02   9.2046560e+01
   1.1432162e+02   2.4065978e+02   1.3086255e+04   1.1887972e+02   1.0896760e+02   9.4521512e+01
   1.0987511e+02   2.4200448e+02   1.2885986e+04   1.1783230e+02   1.1040317e+02   9.6880183e+01
   1.0525798e+02   2.4268813e+02   1.2682041e+04   1.1625004e+02   1.1141785e+02   9.9058457e+01
   1.0060082e+02   2.4273151e+02   1.2478067e+04   1.1419607e+02   1.1200490e+02   1.0100824e+02
   9.6012555e+01   2.4216900e+02   1.2277297e+04   1.1174194e+02   1.1216256e+02   1.0269880e+02
   9.1580434e+01   2.4104868e+02   1.2082556e+04   1.0896769e+02   1.1189405e+02   1.0411678e+02
   8.7363443e+01   2.3943225e+02   1.1896156e+04   1.0596210e+02   1.1120978e+02   1.0525977e+02
   8.3395364e+01   2.3737797e+02   1.1719312e+04   1.0279719e+02   1.1015016e+02   1.0609642e+02
   7.9731429e+01   2.3493377e+02   1.1553062e+04   9.9520488e+01   1.0876384e+02   1.0661354e+02
   7.6364402e+01   2.3216251e+02   1.1398300e+04   9.6199689e+01   1.0708673e+02   1.0681330e+02
   7.3250103e+01   2.2913308e+02   1.1255691e+04   9.2908135e+01   1.0515082e+02   1.0670577e+02
   7.0422405e+01   2.2588470e+02   1.1125619e+04   8.9666685e+01   1.0301003e+02   1.0630073e+02
   6.7890386e+01   2.2245925e+02   1.1008399e+04   8.6499870e+01   1.0071123e+02   1.0561489e+02
   6.5609509e+01   2.1891046e+02   1.0904345e+04   8.3451863e+01   9.8287548e+01   1.0467084e+02
   6.3549510e+01   2.1528337e+02   1.0813729e+04   8.0552558e+01   9.5773970e+01   1.0349253e+02
   6.1737998e+01   2.1160165e+02   1.0736780e+04   7.7797782e+01   9.3213901e+01   1.0210501e+02
   6.0171539e+01   2.0789586e+02   1.0673848e+04   7.5196303e+01   9.0640327e+01   1.0053540e+02
   5.8810842e+01   2.0420507e+02   1.0625420e+04   7.2772472e+01   8.8075567e+01   9.8811863e+01
   5.7642681e+01   2.0055839e+02   1.0592060e+04   7.0535802e+01   8.5544238e+01   9.6961397e+01
   5.6689883e+01   1.9697333e+02   1.0574405e+04   6.8478941e+01   8.3072566e+01   9.5010917e+01
   5.5957538e+01   1.9347247e+02   1.0573193e+04   6.6604240e+01   8.0680358e+01   9.2986620e+01
   5.5437695e+01   1.9008203e+02   1.0589254e+04   6.4921056e+01   7.8383062e+01   9.0913062e+01
   5.5134556e+01   1.8682431e+02   1.0623391e+04   6.3433500e+01   7.6196528e+01   8.8812956e+01
   5.5065587e+01   1.8372021e+02   1.0676271e+04   6.2144733e+01   7.4133831e+01   8.6708852e+01
   5.5236734e+01   1.8079563e+02   1.0748313e+04   6.1066518e+01   7.2204104e+01   8.4622173e+01
   5.5664318e+01   1.7807372e+02   1.0839553e+04   6.0205819e+01   7.0419243e+01   8.2571992e+01
   5.6375050e+01   1.7557473e+02   1.0949641e+04   5.9564794e+01   6.8793908e+01   8.0575021e+01
   5.7403719e+01   1.7331732e+02   1.1077841e+04   5.9144446e+01   6.7340266e+01   7.8648966e+01
   5.8751269e+01   1.7133379e+02   1.1222787e+04   5.8966046e+01   6.6065280e+01   7.6810203e+01
   6.0410598e+01   1.6965882e+02   1.1382703e+04   5.9052467e+01   6.4979303e+01   7.5071720e+01
   6.2389046e+01   1.6832083e+02   1.1555571e+04   5.9417787e+01   6.4093674e+01   7.3447441e+01
   6.4708407e+01   1.6734202e+02   1.1739132e+04   6.0067283e+01   6.3420708e+01   7.1952227e+01
   6.7404739e+01   1.6673840e+02   1.1930883e+04   6.0997527e+01   6.2973674e+01   7.0601876e+01
   7.0457096e+01   1.6654128e+02   1.2128253e+04   6.2229280e+01   6.2757862e+01   6.9411233e+01
   7.3860207e+01   1.6677320e+02   1.2328596e+04   6.3766842e+01   6.2789598e+01   6.8389597e+01
   7.7618493e+01   1.6744754e+02   1.2529274e+04   6.5603009e+01   6.3084623e+01   6.7547939e+01
   8.1675778e+01   1.6858968e+02   1.2727785e+04   6.7754027e+01   6.3643514e+01   6.6900903e+01
   8.5941598e+01   1.7022779e+02   1.2921701e+04   7.0244045e+01   6.4459926e+01   6.6463452e+01
   9.0436331e+01   1.7234645e+02   1.3108338e+04   7.3027500e+01   6.5556119e+01   6.6241088e+01
   9.5147849e+01   1.7492867e+02   1.3285066e+04   7.6062449e+01   6.6945292e+01   6.6240700e+01
   9.9952376e+01   1.7797861e+02   1.3449471e+04   7.9349296e+01   6.8613998e+01   6.6473926e+01
   1.0467484e+02   1.8150284e+02   1.3599216e+04   8.2899696e+01   7.0536659e+01   6.6952212e+01
   1.0929868e+02   1.8544420e+02   1.3731553e+04   8.6628239e+01   7.2722205e+01   6.7673956e+01
   1.1375967e+02   1.8974434e+02   1.3843823e+04   9.0458413e+01   7.5164086e+01   6.8638633e+01
   1.1788920e+02   1.9436130e+02   1.3933629e+04   9.4351919e+01   7.7829006e+01   6.9847146e+01
   1.2149257e+02   1.9924685e+02   1.3998701e+04   9.8271323e+01   8.0673848e+01   7.1296679e+01
   1.2451572e+02   2.0429526e+02   1.4036571e+04   1.0209793e+02   8.3677271e+01   7.2973805e+01
   1.2686958e+02   2.0940329e+02   1.4045275e+04   1.0572949e+02   8.6800498e+01   7.4863506e+01
   1.2841038e+02   2.1448101e+02   1.4023586e+04   1.0909645e+02   8.9984460e+01   7.6947750e+01
   1.2901082e+02   2.1943395e+02   1.3970981e+04   1.1213109e+02   9.3164683e+01   7.9202374e+01
   1.2868264e+02   2.2413239e+02   1.3887799e+04   1.1471905e+02   9.6287485e+01   8.1595451e+01
   1.2744789e+02   2.2846225e+02   1.3775599e+04   1.1677504e+02   9.9289348e+01   8.4092050e+01
   1.2533881e+02   2.3233205e+02   1.3637183e+04   1.1824854e+02   1.0210308e+02   8.6652418e+01
   1.2241903e+02   2.3566652e+02   1.3476476e+04   1.1911251e+02   1.0466224e+02   8.9233206e+01
   1.1884928e+02   2.3839335e+02   1.3297971e+04   1.1933827e+02   1.0691277e+02   9.1788180e+01
   1.1477479e+02   2.4047500e+02   1.3106504e+04   1.1894401e+02   1.0880051e+02   9.4266429e+01
   1.1034654e+02   2.4189284e+02   1.2906678e+04   1.1796212e+02   1.1028638e+02   9.6620807e+01
   1.0572587e+02   2.4264540e+02   1.2702836e+04   1.1643597e+02   1.1134767e+02   9.8808439e+01
   1.0106462e+02   2.4275239e+02   1.2498986e+04   1.1442767e+02   1.1197290e+02   1.0079151e+02
   9.6455729e+01   2.4225576e+02   1.2298258e+04   1.1202226e+02   1.1215661e+02   1.0253372e+02
   9.2020343e+01   2.4119196e+02   1.2103158e+04   1.0927922e+02   1.1192266e+02   1.0399952e+02
   8.7816662e+01   2.3961592e+02   1.1915787e+04   1.0627824e+02   1.1129069e+02   1.0516787e+02
   8.3836465e+01   2.3760141e+02   1.1737828e+04   1.0312022e+02   1.1027497e+02   1.0603179e+02
   8.0115511e+01   2.3520406e+02   1.1570431e+04   9.9866372e+01   1.0891624e+02   1.0658143e+02
   7.6702336e+01   2.3247005e+02   1.1414418e+04   9.6556167e+01   1.0726560e+02   1.0681317e+02
   7.3582592e+01   2.2945961e+02   1.1270457e+04   9.3249077e+01   1.0536156e+02   1.0673446e+02
