   0.0000000e+00   2.0400000e-02   9.1480000e-01   5.0000000e-02   1.0000000e-04   6.2000000e-02   4.9430000e-01
   1.0000000e+00   2.0649992e-02   9.1167807e-01   5.0004177e-02   1.4000985e-04   6.2678349e-02   4.9677769e-01
   2.0000000e+00   2.0851553e-02   9.0873688e-01   5.0008140e-02   1.4173882e-04   6.3362490e-02   4.9926780e-01
   3.0000000e+00   2.1031542e-02   9.0605669e-01   5.0011887e-02   1.4328655e-04   6.4049230e-02   5.0177039e-01
   4.0000000e+00   2.1201891e-02   9.0347708e-01   5.0015429e-02   1.4520787e-04   6.4737107e-02   5.0428552e-01
   5.0000000e+00   2.1368915e-02   9.0089151e-01   5.0018786e-02   1.4674321e-04   6.5425502e-02   5.0681326e-01
   6.0000000e+00   2.1536190e-02   8.9823202e-01   5.0021976e-02   1.4821143e-04   6.6114254e-02   5.0935368e-01
   7.0000000e+00   2.1705902e-02   8.9545111e-01   5.0025020e-02   1.5048900e-04   6.6803466e-02   5.1190682e-01
   8.0000000e+00   2.1879538e-02   8.9251106e-01   5.0027940e-02   1.5234242e-04   6.7493400e-02   5.1447277e-01
   9.0000000e+00   2.2058259e-02   8.8937735e-01   5.0030755e-02   1.5394874e-04   6.8184434e-02   5.1705157e-01
   1.0000000e+01   2.2243119e-02   8.8601450e-01   5.0033486e-02   1.5603140e-04   6.8877039e-02   5.1964330e-01
   1.1000000e+01   2.2435198e-02   8.8238290e-01   5.0036152e-02   1.5753399e-04   6.9571768e-02   5.2224803e-01
   1.2000000e+01   2.2635711e-02   8.7843569e-01   5.0038773e-02   1.5964754e-04   7.0269268e-02   5.2486580e-01
   1.3000000e+01   2.2846103e-02   8.7411547e-01   5.0041368e-02   1.6156578e-04   7.0970291e-02   5.2749671e-01
   1.4000000e+01   2.3068161e-02   8.6934995e-01   5.0043959e-02   1.6334804e-04   7.1675716e-02   5.3014079e-01
   1.5000000e+01   2.3304163e-02   8.6404585e-01   5.0046568e-02   1.6522040e-04   7.2386588e-02   5.3279814e-01
   1.6000000e+01   2.3557083e-02   8.5808016e-01   5.0049219e-02   1.6721854e-04   7.3104164e-02   5.3546880e-01
   1.7000000e+01   2.3830906e-02   8.5128670e-01   5.0051941e-02   1.6905367e-04   7.3829985e-02   5.3815285e-01
   1.8000000e+01   2.4131112e-02   8.4343518e-01   5.0054770e-02   1.7105142e-04   7.4565981e-02   5.4085035e-01
   1.9000000e+01   2.4465463e-02   8.3419705e-01   5.0057748e-02   1.7296776e-04   7.5314635e-02   5.4356137e-01
   2.0000000e+01   2.4845329e-02   8.2308812e-01   5.0060934e-02   1.7482211e-04   7.6079227e-02   5.4628598e-01
   2.1000000e+01   2.5288027e-02   8.0936790e-01   5.0064410e-02   1.7731414e-04   7.6864241e-02   5.4902425e-01
   2.2000000e+01   2.5821153e-02   7.9185556e-01   5.0068295e-02   1.7898071e-04   7.7676052e-02   5.5177625e-01
   2.3000000e+01   2.6491110e-02   7.6857663e-01   5.0072783e-02   1.8158413e-04   7.8524159e-02   5.5454204e-01
   2.4000000e+01   2.7381094e-02   7.3605085e-01   5.0078202e-02   1.8436018e-04   7.9423524e-02   5.5732169e-01
   2.5000000e+01   2.8652341e-02   6.8778221e-01   5.0085186e-02   1.8697581e-04   8.0399386e-02   5.6011528e-01
   2.6000000e+01   3.0649113e-02   6.1091947e-01   5.0095117e-02   1.9006136e-04   8.1498063e-02   5.6292287e-01
   2.7000000e+01   3.4203025e-02   4.7890564e-01   5.0111682e-02   1.9375514e-04   8.2814246e-02   5.6574453e-01
   2.8000000e+01   4.1627499e-02   2.4302340e-01   5.0148304e-02   1.9846493e-04   8.4570014e-02   5.6858034e-01
   2.9000000e+01   5.7230939e-02   3.9519787e-02   5.0275550e-02   2.0607963e-04   8.7311071e-02   5.7143036e-01
   3.0000000e+01   7.5538704e-02   2.3251186e-02   5.0726349e-02   2.1862136e-04   9.1570892e-02   5.7429467e-01
   3.1000000e+01   9.3532899e-02   1.6787625e-02   5.1886564e-02   2.3575717e-04   9.7342624e-02   5.7717333e-01
   3.2000000e+01   1.1106845e-01   1.3231675e-02   5.4300078e-02   2.5800869e-04   1.0452743e-01   5.8006642e-01
   3.3000000e+01   1.2810806e-01   1.0980012e-02   5.8649865e-02   2.8529264e-04   1.1301589e-01   5.8297402e-01
   3.4000000e+01   1.4464483e-01   9.4269768e-03   6.5709952e-02   3.1837170e-04   1.2269469e-01   5.8589619e-01
   3.5000000e+01   1.6068395e-01   8.2918750e-03   7.6278943e-02   3.5691560e-04   1.3344962e-01   5.8883300e-01
   3.6000000e+01   1.7623617e-01   7.4266144e-03   9.1103903e-02   4.0168577e-04   1.4516738e-01   5.9178454e-01
   3.7000000e+01   1.9131494e-01   6.7456021e-03   1.1080589e-01   4.5417270e-04   1.5773684e-01   5.9475087e-01
   3.8000000e+01   2.0593505e-01   6.1960944e-03   1.3581885e-01   5.1363939e-04   1.7105002e-01   5.9773208e-01
   3.9000000e+01   2.2011190e-01   5.7437055e-03   1.6635094e-01   5.8103779e-04   1.8500282e-01   6.0072822e-01
   4.0000000e+01   2.3386103e-01   5.3650942e-03   2.0237283e-01   6.5755503e-04   1.9949560e-01   6.0373938e-01
   4.1000000e+01   2.4719793e-01   5.0441671e-03   2.4363173e-01   7.4449714e-04   2.1443363e-01   6.0676564e-01
   4.2000000e+01   2.6013784e-01   4.7687383e-03   2.8968559e-01   8.4328526e-04   2.2972740e-01   6.0980707e-01
   4.3000000e+01   2.7269565e-01   4.5293290e-03   3.3994943e-01   9.5584187e-04   2.4529285e-01   6.1286374e-01
   4.4000000e+01   2.8488587e-01   4.3209524e-03   3.9374574e-01   1.0845684e-03   2.6105154e-01   6.1593573e-01
   4.5000000e+01   2.9672256e-01   4.1370770e-03   4.5035227e-01   1.2324765e-03   2.7693066e-01   6.1902312e-01
   4.6000000e+01   3.0821933e-01   3.9759636e-03   5.0904285e-01   1.4034179e-03   2.9286307e-01   6.2212598e-01
   4.7000000e+01   3.1938928e-01   3.8310757e-03   5.6911937e-01   1.6023883e-03   3.0878720e-01   6.2524440e-01
   4.8000000e+01   3.3024502e-01   3.7024617e-03   6.2993436e-01   1.8359739e-03   3.2464698e-01   6.2837846e-01
   4.9000000e+01   3.4079864e-01   3.5881485e-03   6.9090525e-01   2.1130229e-03   3.4039167e-01   6.3152822e-01
   5.0000000e+01   3.5106167e-01   3.4863973e-03   7.5152163e-01   2.4456829e-03   3.5597568e-01   6.3469376e-01
   5.1000000e+01   3.6104506e-01   3.3983581e-03   8.1134721e-01   2.8510516e-03   3.7135834e-01   6.3787518e-01
   5.2000000e+01   3.7075913e-01   3.3172724e-03   8.7001788e-01   3.3538944e-03   3.8650371e-01   6.4107254e-01
   5.3000000e+01   3.8021343e-01   3.2503505e-03   9.2723732e-01   3.9912811e-03   4.0138028e-01   6.4428593e-01
   5.4000000e+01   3.8941659e-01   3.1944679e-03   9.8277096e-01   4.8207999e-03   4.1596071e-01   6.4751543e-01
   5.5000000e+01   3.9837604e-01   3.1527096e-03   1.0364393e+00   5.9356301e-03   4.3022157e-01   6.5076111e-01
   5.6000000e+01   4.0709738e-01   3.1283730e-03   1.0881106e+00   7.4928519e-03   4.4414301e-01   6.5402307e-01
   5.7000000e+01   4.1558345e-01   3.1300243e-03   1.1376945e+00   9.7661303e-03   4.5770840e-01   6.5730137e-01
   5.8000000e+01   4.2383233e-01   3.1695958e-03   1.1851343e+00   1.3235432e-02   4.7090399e-01   6.6059611e-01
   5.9000000e+01   4.3183425e-01   3.2669647e-03   1.2304008e+00   1.8701863e-02   4.8371837e-01   6.6390736e-01
   6.0000000e+01   4.3956713e-01   3.4573881e-03   1.2734857e+00   2.7330442e-02   4.9614187e-01   6.6723521e-01
   6.1000000e+01   4.4699275e-01   3.7777103e-03   1.3143947e+00   4.0456768e-02   5.0816578e-01   6.7057974e-01
   6.2000000e+01   4.5405634e-01   4.2614813e-03   1.3531422e+00   5.9184927e-02   5.1978166e-01   6.7394103e-01
   6.3000000e+01   4.6069022e-01   4.9295107e-03   1.3897478e+00   8.4089284e-02   5.3098075e-01   6.7731918e-01
   6.4000000e+01   4.6681907e-01   5.7968220e-03   1.4242339e+00   1.1520243e-01   5.4175376e-01   6.8071425e-01
   6.5000000e+01   4.7236387e-01   6.8724299e-03   1.4566246e+00   1.5217039e-01   5.5209087e-01   6.8412635e-01
   6.6000000e+01   4.7724401e-01   8.1578657e-03   1.4869454e+00   1.9441750e-01   5.6198189e-01   6.8755555e-01
   6.7000000e+01   4.8137771e-01   9.6653676e-03   1.5152219e+00   2.4126261e-01   5.7141639e-01   6.9100193e-01
   6.8000000e+01   4.8468137e-01   1.1413954e-02   1.5414784e+00   2.9198886e-01   5.8038382e-01   6.9446559e-01
   6.9000000e+01   4.8706804e-01   1.3422386e-02   1.5657358e+00   3.4588232e-01   5.8887349e-01   6.9794662e-01
   7.0000000e+01   4.8844532e-01   1.5726807e-02   1.5880090e+00   4.0225242e-01   5.9687451e-01   7.0144509e-01
   7.1000000e+01   4.8871211e-01   1.8370147e-02   1.6083026e+00   4.6044170e-01   6.0437558e-01   7.0496110e-01
   7.2000000e+01   4.8775423e-01   2.1411101e-02   1.6266062e+00   5.1982962e-01   6.1136455e-01   7.0849473e-01
   7.3000000e+01   4.8543783e-01   2.4950268e-02   1.6428875e+00   5.7983260e-01   6.1782790e-01   7.1204607e-01
   7.4000000e+01   4.8159931e-01   2.9144680e-02   1.6570818e+00   6.3990176e-01   6.2374984e-01   7.1561522e-01
   7.5000000e+01   4.7602858e-01   3.4141717e-02   1.6690771e+00   6.9951881e-01   6.2911106e-01   7.1920226e-01
   7.6000000e+01   4.6844130e-01   4.0335170e-02   1.6786888e+00   7.5819005e-01   6.3388666e-01   7.2280727e-01
   7.7000000e+01   4.5842512e-01   4.8300220e-02   1.6856164e+00   8.1543809e-01   6.3804295e-01   7.2643036e-01
   7.8000000e+01   4.4532918e-01   5.9167640e-02   1.6893613e+00   8.7078977e-01   6.4153156e-01   7.3007161e-01
   7.9000000e+01   4.2799593e-01   7.5543282e-02   1.6890498e+00   9.2375681e-01   6.4427783e-01   7.3373111e-01
   8.0000000e+01   4.0393609e-01   1.0495553e-01   1.6829768e+00   9.7380020e-01   6.4615292e-01   7.3740895e-01
   8.1000000e+01   3.6548086e-01   1.8551259e-01   1.6669623e+00   1.0202463e+00   6.4688188e-01   7.4110523e-01
   8.2000000e+01   2.6521207e-01   7.5351040e-01   1.6223827e+00   1.0619625e+00   6.4547691e-01   7.4482003e-01
   8.3000000e+01   1.1857936e-01   9.7979018e-01   1.4991974e+00   1.0958408e+00   6.3913216e-01   7.4855346e-01
   8.4000000e+01   6.1199703e-02   9.9183436e-01   1.3627645e+00   1.1179810e+00   6.2954945e-01   7.5230560e-01
   8.5000000e+01   4.0574527e-02   9.9498163e-01   1.2379856e+00   1.1266391e+00   6.1890863e-01   3.7803827e-01
   8.6000000e+01   2.3823165e-02   9.9737426e-01   1.1249577e+00   1.1131964e+00   6.0782888e-01   3.7993320e-01
   8.7000000e+01   1.7918195e-02   9.9889390e-01   1.0226661e+00   1.0172686e+00   5.9659419e-01   3.8183762e-01
   8.8000000e+01   1.5875525e-02   9.9796429e-01   9.3010652e-01   9.2400132e-01   5.8545747e-01   3.8375159e-01
   8.9000000e+01   1.5197120e-02   9.9992795e-01   8.4635466e-01   8.3935452e-01   5.7450800e-01   3.8567515e-01
   9.0000000e+01   1.5006200e-02   9.9754669e-01   7.7057271e-01   7.6241563e-01   5.6377524e-01   3.8760836e-01
   9.1000000e+01   1.4989239e-02   9.9986182e-01   7.0200233e-01   6.9230862e-01   5.5326700e-01   3.8955125e-01
   9.2000000e+01   1.5035947e-02   9.9746449e-01   6.3995730e-01   6.2816023e-01   5.4298316e-01   3.9150389e-01
   9.3000000e+01   1.5105593e-02   9.9752300e-01   5.8381665e-01   5.6905309e-01   5.3292082e-01   3.9346631e-01
   9.4000000e+01   1.5182585e-02   9.9654524e-01   5.3301852e-01   5.1397095e-01   5.2307602e-01   3.9543856e-01
   9.5000000e+01   1.5260239e-02   9.9609064e-01   4.8705449e-01   4.6176426e-01   5.1344447e-01   3.9742071e-01
   9.6000000e+01   1.5344456e-02   9.9562135e-01   4.4546454e-01   4.1118901e-01   5.0402194e-01   3.9941279e-01
   9.7000000e+01   1.5428632e-02   9.9509704e-01   4.0783243e-01   3.6104768e-01   4.9480427e-01   4.0141485e-01
   9.8000000e+01   1.5515621e-02   9.9441409e-01   3.7378152e-01   3.1036999e-01   4.8578733e-01   4.0342695e-01
   9.9000000e+01   1.5605159e-02   9.9337618e-01   3.4297101e-01   2.5852829e-01   4.7696710e-01   4.0544914e-01
   1.0000000e+02   1.5700351e-02   9.9198424e-01   3.1509255e-01   2.0525701e-01   4.6833979e-01   4.0748146e-01
   1.0100000e+02   1.5804231e-02   9.8974557e-01   2.8986710e-01   1.5064698e-01   4.5990178e-01   4.0952397e-01
   1.0200000e+02   1.5926828e-02   9.8510812e-01   2.6704222e-01   9.5283591e-02   4.5164993e-01   4.1157672e-01
   1.0300000e+02   1.6088372e-02   9.7618152e-01   2.4638946e-01   4.1371017e-02   4.4358192e-01   4.1363976e-01
   1.0400000e+02   1.6341437e-02   9.5968987e-01   2.2770216e-01   7.2378517e-03   4.3569758e-01   4.1571313e-01
   1.0500000e+02   1.6586482e-02   9.5577245e-01   2.1079329e-01   5.7622149e-03   4.2799687e-01   4.1779690e-01
   1.0600000e+02   1.6751324e-02   9.5417372e-01   1.9549360e-01   5.1225516e-03   4.2047249e-01   4.1989112e-01
   1.0700000e+02   1.6880496e-02   9.5287404e-01   1.8164994e-01   4.6056560e-03   4.1311772e-01   4.2199583e-01
   1.0800000e+02   1.6994788e-02   9.5172464e-01   1.6912372e-01   4.1788475e-03   4.0592774e-01   4.2411110e-01
   1.0900000e+02   1.7102859e-02   9.5065644e-01   1.5778959e-01   3.8203203e-03   3.9889861e-01   4.2623696e-01
   1.1000000e+02   1.7208400e-02   9.4963443e-01   1.4753409e-01   3.5148739e-03   3.9202677e-01   4.2837348e-01
   1.1100000e+02   1.7313037e-02   9.4863942e-01   1.3825458e-01   3.2515550e-03   3.8530890e-01   4.3052071e-01
   1.1200000e+02   1.7417525e-02   9.4765987e-01   1.2985818e-01   3.0222581e-03   3.7874180e-01   4.3267871e-01
   1.1300000e+02   1.7522243e-02   9.4668805e-01   1.2226086e-01   2.8208949e-03   3.7232236e-01   4.3484752e-01
   1.1400000e+02   1.7627404e-02   9.4571839e-01   1.1538657e-01   2.6426706e-03   3.6604757e-01   4.3702720e-01
   1.1500000e+02   1.7733143e-02   9.4474650e-01   1.0916651e-01   2.4839531e-03   3.5991448e-01   4.3921781e-01
   1.1600000e+02   1.7839556e-02   9.4376883e-01   1.0353843e-01   2.3413449e-03   3.5392019e-01   4.4141940e-01
   1.1700000e+02   1.7946721e-02   9.4278216e-01   9.8445981e-02   2.2131560e-03   3.4806189e-01   4.4363202e-01
   1.1800000e+02   1.8054704e-02   9.4178381e-01   9.3838204e-02   2.0969148e-03   3.4233683e-01   4.4585574e-01
   1.1900000e+02   1.8163566e-02   9.4077118e-01   8.9668975e-02   1.9916981e-03   3.3674231e-01   4.4809060e-01
   1.2000000e+02   1.8273364e-02   9.3974202e-01   8.5896562e-02   1.8952886e-03   3.3127570e-01   4.5033666e-01
   1.2100000e+02   1.8384151e-02   9.3869404e-01   8.2483205e-02   1.8069250e-03   3.2593441e-01   4.5259398e-01
   1.2200000e+02   1.8495981e-02   9.3762507e-01   7.9394736e-02   1.7256068e-03   3.2071592e-01   4.5486262e-01
   1.2300000e+02   1.8608908e-02   9.3653288e-01   7.6600242e-02   1.6514119e-03   3.1561776e-01   4.5714263e-01
   1.2400000e+02   1.8722986e-02   9.3541549e-01   7.4071747e-02   1.5816150e-03   3.1063753e-01   4.5943407e-01
   1.2500000e+02   1.8838271e-02   9.3427053e-01   7.1783941e-02   1.5177551e-03   3.0577287e-01   4.6173699e-01
   1.2600000e+02   1.8954820e-02   9.3309586e-01   6.9713921e-02   1.4581052e-03   3.0102146e-01   4.6405145e-01
   1.2700000e+02   1.9072694e-02   9.3188908e-01   6.7840965e-02   1.4029344e-03   2.9638107e-01   4.6637752e-01
   1.2800000e+02   1.9191957e-02   9.3064780e-01   6.6146322e-02   1.3512954e-03   2.9184948e-01   4.6871525e-01
   1.2900000e+02   1.9312675e-02   9.2936940e-01   6.4613025e-02   1.3033032e-03   2.8742454e-01   4.7106469e-01
   1.3000000e+02   1.9434922e-02   9.2805121e-01   6.3225723e-02   1.2576521e-03   2.8310415e-01   4.7342592e-01
   1.3100000e+02   1.9558775e-02   9.2669019e-01   6.1970525e-02   1.2153790e-03   2.7888626e-01   4.7579897e-01
   1.3200000e+02   1.9684317e-02   9.2528323e-01   6.0834862e-02   1.1755949e-03   2.7476886e-01   4.7818393e-01
   1.3300000e+02   1.9811638e-02   9.2382689e-01   5.9807363e-02   1.1380561e-03   2.7075000e-01   4.8058083e-01
   1.3400000e+02   1.9940838e-02   9.2231739e-01   5.8877737e-02   1.1034302e-03   2.6682776e-01   4.8298975e-01
   1.3500000e+02   2.0072024e-02   9.2075074e-01   5.8036674e-02   1.0696734e-03   2.6300029e-01   4.8541075e-01
   1.3600000e+02   2.0205315e-02   9.1912234e-01   5.7275749e-02   1.0381498e-03   2.5926577e-01   4.8784388e-01
   1.3700000e+02   2.0340842e-02   9.1742722e-01   5.6587339e-02   1.0084174e-03   2.5562243e-01   4.9028921e-01
   1.3800000e+02   2.0478751e-02   9.1565984e-01   5.5964549e-02   9.8034007e-04   2.5206856e-01   4.9274679e-01
   1.3900000e+02   2.0619203e-02   9.1381399e-01   5.5401138e-02   9.5387026e-04   2.4860248e-01   4.9521670e-01
   1.4000000e+02   2.0762381e-02   9.1188274e-01   5.4891459e-02   9.2827028e-04   2.4522257e-01   4.9769898e-01
   1.4100000e+02   2.0908490e-02   9.0985817e-01   5.4430404e-02   9.0429076e-04   2.4192725e-01   5.0019371e-01
   1.4200000e+02   2.1057761e-02   9.0773134e-01   5.4013351e-02   8.8167613e-04   2.3871501e-01   5.0270094e-01
   1.4300000e+02   2.1210459e-02   9.0549202e-01   5.3636119e-02   8.6036200e-04   2.3558436e-01   5.0522074e-01
   1.4400000e+02   2.1366888e-02   9.0312848e-01   5.3294923e-02   8.3912519e-04   2.3253389e-01   5.0775317e-01
   1.4500000e+02   2.1527397e-02   9.0062697e-01   5.2986342e-02   8.1955607e-04   2.2956223e-01   5.1029829e-01
   1.4600000e+02   2.1692396e-02   8.9797156e-01   5.2707279e-02   8.0091989e-04   2.2666808e-01   5.1285617e-01
   1.4700000e+02   2.1862362e-02   8.9514345e-01   5.2454934e-02   7.8283508e-04   2.2385019e-01   5.1542687e-01
   1.4800000e+02   2.2037862e-02   8.9212026e-01   5.2226771e-02   7.6579440e-04   2.2110739e-01   5.1801046e-01
   1.4900000e+02   2.2219571e-02   8.8887513e-01   5.2020501e-02   7.4950023e-04   2.1843857e-01   5.2060700e-01
   1.5000000e+02   2.2408307e-02   8.8537547e-01   5.1834051e-02   7.3402111e-04   2.1584271e-01   5.2321655e-01
   1.5100000e+02   2.2605068e-02   8.8158122e-01   5.1665548e-02   7.1952484e-04   2.1331890e-01   5.2583919e-01
   1.5200000e+02   2.2811088e-02   8.7744253e-01   5.1513300e-02   7.0501559e-04   2.1086630e-01   5.2847497e-01
   1.5300000e+02   2.3027920e-02   8.7289635e-01   5.1375775e-02   6.9157311e-04   2.0848424e-01   5.3112396e-01
   1.5400000e+02   2.3257543e-02   8.6786170e-01   5.1251594e-02   6.7883089e-04   2.0617217e-01   5.3378623e-01
   1.5500000e+02   2.3502531e-02   8.6223261e-01   5.1139511e-02   6.6630387e-04   2.0392977e-01   5.3646184e-01
   1.5600000e+02   2.3766301e-02   8.5586738e-01   5.1038404e-02   6.5456440e-04   2.0175693e-01   5.3915087e-01
   1.5700000e+02   2.4053495e-02   8.4857210e-01   5.0947267e-02   6.4323578e-04   1.9965389e-01   5.4185338e-01
   1.5800000e+02   2.4370591e-02   8.4007417e-01   5.0865197e-02   6.3262184e-04   1.9762131e-01   5.4456943e-01
   1.5900000e+02   2.4726918e-02   8.2997858e-01   5.0791396e-02   6.2244737e-04   1.9566048e-01   5.4729909e-01
   1.6000000e+02   2.5136395e-02   8.1769268e-01   5.0725161e-02   6.1259308e-04   1.9377357e-01   5.5004244e-01
   1.6100000e+02   2.5620683e-02   8.0229160e-01   5.0665896e-02   6.0412674e-04   1.9196414e-01   5.5279954e-01
   1.6200000e+02   2.6215191e-02   7.8226628e-01   5.0613122e-02   5.9478884e-04   1.9023788e-01   5.5557046e-01
   1.6300000e+02   2.6981298e-02   7.5502713e-01   5.0566520e-02   5.8673332e-04   1.8860420e-01   5.5835527e-01
   1.6400000e+02   2.8033161e-02   7.1587791e-01   5.0526027e-02   5.7916069e-04   1.8707912e-01   5.6115403e-01
   1.6500000e+02   2.9602318e-02   6.5578652e-01   5.0492095e-02   5.7234948e-04   1.8569165e-01   5.6396683e-01
   1.6600000e+02   3.2212496e-02   5.5639886e-01   5.0466500e-02   5.6665263e-04   1.8449885e-01   5.6679373e-01
   1.6700000e+02   3.7223611e-02   3.8000878e-01   5.0455573e-02   5.6238925e-04   1.8362659e-01   5.6963479e-01
   1.6800000e+02   4.8432247e-02   9.8571921e-02   5.0489007e-02   5.6126882e-04   1.8339220e-01   5.7249010e-01
   1.6900000e+02   6.6496295e-02   2.9124233e-02   5.0711430e-02   5.6607797e-04   1.8439589e-01   5.7535972e-01
   1.7000000e+02   8.4767470e-02   1.9509980e-02   5.1438868e-02   5.7821467e-04   1.8684794e-01   5.7824372e-01
   1.7100000e+02   1.0262595e-01   1.4803356e-02   5.3141629e-02   5.9776912e-04   1.9067953e-01   5.8114218e-01
   1.7200000e+02   1.1999903e-01   1.2001692e-02   5.6446483e-02   6.2487042e-04   1.9580081e-01   5.8405517e-01
   1.7300000e+02   1.3686808e-01   1.0143532e-02   6.2099810e-02   6.5998382e-04   2.0211533e-01   5.8698275e-01
   1.7400000e+02   1.5323341e-01   8.8217924e-03   7.0908007e-02   7.0431844e-04   2.0952389e-01   5.8992502e-01
   1.7500000e+02   1.6910344e-01   7.8344921e-03   8.3663106e-02   7.5564214e-04   2.1792659e-01   5.9288203e-01
   1.7600000e+02   1.8449054e-01   7.0693594e-03   1.0106421e-01   8.1722061e-04   2.2722426e-01   5.9585386e-01
   1.7700000e+02   1.9940900e-01   6.4593556e-03   1.2364697e-01   8.8884287e-04   2.3731949e-01   5.9884059e-01
   1.7800000e+02   2.1387401e-01   5.9623842e-03   1.5173228e-01   9.7081043e-04   2.4811744e-01   6.0184229e-01
   1.7900000e+02   2.2790112e-01   5.5450473e-03   1.8540109e-01   1.0654189e-03   2.5952647e-01   6.0485904e-01
   1.8000000e+02   2.4150594e-01   5.2029456e-03   2.2449718e-01   1.1740531e-03   2.7145869e-01   6.0789091e-01
   1.8100000e+02   2.5470385e-01   4.9064606e-03   2.6865357e-01   1.2989443e-03   2.8383033e-01   6.1093797e-01
   1.8200000e+02   2.6750994e-01   4.6517074e-03   3.1733555e-01   1.4429240e-03   2.9656203e-01   6.1400031e-01
   1.8300000e+02   2.7993894e-01   4.4295780e-03   3.6989130e-01   1.6096073e-03   3.0957906e-01   6.1707800e-01
   1.8400000e+02   2.9200510e-01   4.2350414e-03   4.2560276e-01   1.8036585e-03   3.2281149e-01   6.2017112e-01
   1.8500000e+02   3.0372223e-01   4.0668637e-03   4.8373094e-01   2.0311819e-03   3.3619421e-01   6.2327974e-01
   1.8600000e+02   3.1510359e-01   3.9167349e-03   5.4355261e-01   2.3003037e-03   3.4966696e-01   6.2640394e-01
   1.8700000e+02   3.2616190e-01   3.7832597e-03   6.0438752e-01   2.6220560e-03   3.6317430e-01   6.2954381e-01
   1.8800000e+02   3.3690931e-01   3.6671300e-03   6.6561634e-01   3.0117615e-03   3.7666552e-01   6.3269941e-01
   1.8900000e+02   3.4735730e-01   3.5649305e-03   7.2669088e-01   3.4912629e-03   3.9009450e-01   6.3587083e-01
   1.9000000e+02   3.5751665e-01   3.4772280e-03   7.8713806e-01   4.0926397e-03   4.0341960e-01   6.3905814e-01
   1.9100000e+02   3.6739724e-01   3.4023086e-03   8.4655933e-01   4.8646141e-03   4.1660343e-01   6.4226143e-01
   1.9200000e+02   3.7700785e-01   3.3429126e-03   9.0462699e-01   5.8839658e-03   4.2961267e-01   6.4548078e-01
   1.9300000e+02   3.8635570e-01   3.3025205e-03   9.6107840e-01   7.2763636e-03   4.4241780e-01   6.4871627e-01
   1.9400000e+02   3.9544568e-01   3.2844970e-03   1.0157092e+00   9.2543871e-03   4.5499288e-01   6.5196797e-01
   1.9500000e+02   4.0427898e-01   3.2995252e-03   1.0683657e+00   1.2183077e-02   4.6731515e-01   6.5523598e-01
   1.9600000e+02   4.1285070e-01   3.3657662e-03   1.1189372e+00   1.6673336e-02   4.7936471e-01   6.5852036e-01
   1.9700000e+02   4.2114625e-01   3.5081429e-03   1.1673482e+00   2.3654551e-02   4.9112394e-01   6.6182121e-01
   1.9800000e+02   4.2913761e-01   3.7591843e-03   1.2135503e+00   3.4303241e-02   5.0257689e-01   6.6513860e-01
   1.9900000e+02   4.3678134e-01   4.1570531e-03   1.2575153e+00   4.9758552e-02   5.1370855e-01   6.6847262e-01
   2.0000000e+02   4.4402026e-01   4.7228702e-03   1.2992294e+00   7.0796148e-02   5.2450428e-01   6.7182335e-01
   2.0100000e+02   4.5078764e-01   5.4750537e-03   1.3386892e+00   9.7697580e-02   5.3494942e-01   6.7519088e-01
   2.0200000e+02   4.5701142e-01   6.4226770e-03   1.3758995e+00   1.3032412e-01   5.4502917e-01   6.7857529e-01
   2.0300000e+02   4.6261693e-01   7.5702422e-03   1.4108717e+00   1.6826081e-01   5.5472867e-01   6.8197666e-01
   2.0400000e+02   4.6752803e-01   8.9320445e-03   1.4436224e+00   2.1094015e-01   5.6403312e-01   6.8539509e-01
   2.0500000e+02   4.7166702e-01   1.0509904e-02   1.4741709e+00   2.5772447e-01   5.7292784e-01   6.8883064e-01
   2.0600000e+02   4.7495382e-01   1.2336622e-02   1.5025378e+00   3.0795508e-01   5.8139838e-01   6.9228342e-01
   2.0700000e+02   4.7730426e-01   1.4424168e-02   1.5287413e+00   3.6097988e-01   5.8943044e-01   6.9575351e-01
   2.0800000e+02   4.7862781e-01   1.6807870e-02   1.5527939e+00   4.1616813e-01   5.9700970e-01   6.9924099e-01
   2.0900000e+02   4.7882434e-01   1.9545526e-02   1.5746978e+00   4.7291757e-01   6.0412158e-01   7.0274595e-01
   2.1000000e+02   4.7777928e-01   2.2704218e-02   1.5944390e+00   5.3065708e-01   6.1075081e-01   7.0626847e-01
   2.1100000e+02   4.7535660e-01   2.6379492e-02   1.6119792e+00   5.8884638e-01   6.1688073e-01   7.0980866e-01
   2.1200000e+02   4.7138774e-01   3.0725490e-02   1.6272438e+00   6.4697379e-01   6.2249241e-01   7.1336659e-01
   2.1300000e+02   4.6565352e-01   3.5985899e-02   1.6401046e+00   7.0455217e-01   6.2756316e-01   7.1694235e-01
   2.1400000e+02   4.5785194e-01   4.2514780e-02   1.6503501e+00   7.6111308e-01   6.3206436e-01   7.2053604e-01
   2.1500000e+02   4.4753747e-01   5.1029361e-02   1.6576345e+00   8.1619829e-01   6.3595772e-01   7.2414775e-01
   2.1600000e+02   4.3398911e-01   6.2830703e-02   1.6613777e+00   8.6934699e-01   6.3918862e-01   7.2777755e-01
   2.1700000e+02   4.1587924e-01   8.1209334e-02   1.6605452e+00   9.2007445e-01   6.4167224e-01   7.3142555e-01
   2.1800000e+02   3.9017408e-01   1.1637929e-01   1.6530469e+00   9.6783039e-01   6.4325844e-01   7.3509184e-01
   2.1900000e+02   3.4624389e-01   2.3039736e-01   1.6333292e+00   1.0118923e+00   6.4360323e-01   7.3877650e-01
   2.2000000e+02   2.1931619e-01   9.2157397e-01   1.5730098e+00   1.0508825e+00   6.4128418e-01   7.4247963e-01
   2.2100000e+02   9.8913918e-02   9.8416548e-01   1.4416972e+00   1.0811539e+00   6.3394277e-01   7.4620133e-01
   2.2200000e+02   5.4009990e-02   9.9267371e-01   1.3100267e+00   1.0993301e+00   6.2405374e-01   7.4994168e-01
   2.2300000e+02   3.7944155e-02   9.9504572e-01   1.1902172e+00   1.1037791e+00   6.1337833e-01   3.7685039e-01
   2.2400000e+02   2.2870834e-02   9.9702765e-01   1.0817301e+00   1.0758122e+00   6.0236110e-01   3.7873936e-01
   2.2500000e+02   1.7559347e-02   9.9767690e-01   9.8355170e-01   9.7783344e-01   5.9122153e-01   3.8063780e-01
   2.2600000e+02   1.5722559e-02   9.9773601e-01   8.9471425e-01   8.8820740e-01   5.8019025e-01   3.8254575e-01
   2.2700000e+02   1.5119996e-02   9.9754163e-01   8.1433037e-01   8.0681521e-01   5.6934849e-01   3.8446327e-01
   2.2800000e+02   1.4955947e-02   9.9741271e-01   7.4159591e-01   7.3276030e-01   5.5872287e-01   3.8639040e-01
   2.2900000e+02   1.4948008e-02   9.9718460e-01   6.7578303e-01   6.6516810e-01   5.4832009e-01   3.8832719e-01
   2.3000000e+02   1.4996002e-02   9.9690135e-01   6.1623308e-01   6.0314622e-01   5.3813964e-01   3.9027369e-01
   2.3100000e+02   1.5064324e-02   9.9525119e-01   5.6235008e-01   5.4573208e-01   5.2817848e-01   3.9222994e-01
   2.3200000e+02   1.5140646e-02   9.9511755e-01   5.1359475e-01   4.9184239e-01   5.1843268e-01   3.9419600e-01
   2.3300000e+02   1.5220649e-02   9.9581326e-01   4.6947912e-01   4.4026676e-01   5.0889803e-01   3.9617192e-01
   2.3400000e+02   1.5302806e-02   9.9526204e-01   4.2956168e-01   3.8975682e-01   4.9957034e-01   3.9815774e-01
   2.3500000e+02   1.5387049e-02   9.9385126e-01   3.9344291e-01   3.3919971e-01   4.9044544e-01   4.0015351e-01
   2.3600000e+02   1.5474242e-02   9.9343747e-01   3.6076133e-01   2.8777832e-01   4.8151931e-01   4.0215929e-01
   2.3700000e+02   1.5565469e-02   9.9252224e-01   3.3118984e-01   2.3503704e-01   4.7278802e-01   4.0417512e-01
   2.3800000e+02   1.5663118e-02   9.9064807e-01   3.0443249e-01   1.8087476e-01   4.6424785e-01   4.0620106e-01
   2.3900000e+02   1.5772496e-02   9.8780638e-01   2.8022147e-01   1.2557264e-01   4.5589534e-01   4.0823715e-01
   2.4000000e+02   1.5906054e-02   9.8206885e-01   2.5831448e-01   7.0159352e-02   4.4772758e-01   4.1028345e-01
   2.4100000e+02   1.6100090e-02   9.6906927e-01   2.3849227e-01   1.9867509e-02   4.3974298e-01   4.1234000e-01
   2.4200000e+02   1.6372720e-02   9.5746479e-01   2.2055650e-01   6.1662726e-03   4.3194249e-01   4.1440687e-01
   2.4300000e+02   1.6571095e-02   9.5552048e-01   2.0432763e-01   5.4347285e-03   4.2432254e-01   4.1648409e-01
   2.4400000e+02   1.6713564e-02   9.5412430e-01   1.8964322e-01   4.8591294e-03   4.1687530e-01   4.1857172e-01
   2.4500000e+02   1.6832746e-02   9.5293641e-01   1.7635627e-01   4.3888397e-03   4.0959516e-01   4.2066982e-01
   2.4600000e+02   1.6942215e-02   9.5185759e-01   1.6433380e-01   3.9971280e-03   4.0247781e-01   4.2277844e-01
   2.4700000e+02   1.7047665e-02   9.5083937e-01   1.5345546e-01   3.6657427e-03   3.9551954e-01   4.2489763e-01
   2.4800000e+02   1.7151547e-02   9.4985636e-01   1.4361238e-01   3.3817444e-03   3.8871691e-01   4.2702743e-01
   2.4900000e+02   1.7254963e-02   9.4889407e-01   1.3470604e-01   3.1356827e-03   3.8206668e-01   4.2916792e-01
   2.5000000e+02   1.7358439e-02   9.4794334e-01   1.2664730e-01   2.9204928e-03   3.7556570e-01   4.3131913e-01
   2.5100000e+02   1.7462252e-02   9.4699774e-01   1.1935551e-01   2.7311346e-03   3.6921089e-01   4.3348113e-01
   2.5200000e+02   1.7566564e-02   9.4605253e-01   1.1275767e-01   2.5631198e-03   3.6299928e-01   4.3565396e-01
   2.5300000e+02   1.7671485e-02   9.4510381e-01   1.0678775e-01   2.4135219e-03   3.5692794e-01   4.3783768e-01
   2.5400000e+02   1.7777099e-02   9.4414878e-01   1.0138600e-01   2.2765823e-03   3.5099403e-01   4.4003236e-01
   2.5500000e+02   1.7883473e-02   9.4318395e-01   9.6498354e-02   2.1548008e-03   3.4519475e-01   4.4223803e-01
   2.5600000e+02   1.7990669e-02   9.4220712e-01   9.2075883e-02   2.0440393e-03   3.3952738e-01   4.4445475e-01
   2.5700000e+02   1.8098742e-02   9.4121600e-01   8.8074325e-02   1.9423855e-03   3.3398924e-01   4.4668259e-01
   2.5800000e+02   1.8207743e-02   9.4020824e-01   8.4453626e-02   1.8500468e-03   3.2857774e-01   4.4892160e-01
   2.5900000e+02   1.8317725e-02   9.3918184e-01   8.1177544e-02   1.7652137e-03   3.2329031e-01   4.5117183e-01
   2.6000000e+02   1.8428738e-02   9.3813474e-01   7.8213287e-02   1.6871510e-03   3.1812446e-01   4.5343334e-01
   2.6100000e+02   1.8540832e-02   9.3706488e-01   7.5531181e-02   1.6153491e-03   3.1307775e-01   4.5570618e-01
   2.6200000e+02   1.8654058e-02   9.3597027e-01   7.3104380e-02   1.5488041e-03   3.0814778e-01   4.5799042e-01
   2.6300000e+02   1.8768470e-02   9.3484884e-01   7.0908588e-02   1.4869459e-03   3.0333224e-01   4.6028610e-01
   2.6400000e+02   1.8884122e-02   9.3369846e-01   6.8921825e-02   1.4294198e-03   2.9862882e-01   4.6259330e-01
   2.6500000e+02   1.9001072e-02   9.3251690e-01   6.7124201e-02   1.3758904e-03   2.9403530e-01   4.6491206e-01
   2.6600000e+02   1.9119380e-02   9.3130183e-01   6.5497720e-02   1.3263101e-03   2.8954951e-01   4.6724244e-01
   2.6700000e+02   1.9239110e-02   9.3005089e-01   6.4026097e-02   1.2791420e-03   2.8516930e-01   4.6958450e-01
   2.6800000e+02   1.9360331e-02   9.2876140e-01   6.2694598e-02   1.2353102e-03   2.8089259e-01   4.7193830e-01
   2.6900000e+02   1.9483116e-02   9.2743060e-01   6.1489891e-02   1.1943091e-03   2.7671735e-01   4.7430390e-01
   2.7000000e+02   1.9607545e-02   9.2605550e-01   6.0399913e-02   1.1557218e-03   2.7264160e-01   4.7668136e-01
   2.7100000e+02   1.9733702e-02   9.2463288e-01   5.9413749e-02   1.1192284e-03   2.6866339e-01   4.7907074e-01
   2.7200000e+02   1.9861681e-02   9.2315917e-01   5.8521523e-02   1.0852334e-03   2.6478084e-01   4.8147209e-01
   2.7300000e+02   1.9991583e-02   9.2163057e-01   5.7714298e-02   1.0529408e-03   2.6099209e-01   4.8388548e-01
   2.7400000e+02   2.0123521e-02   9.2004285e-01   5.6983989e-02   1.0219063e-03   2.5729535e-01   4.8631096e-01
   2.7500000e+02   2.0257618e-02   9.1839129e-01   5.6323280e-02   9.9318646e-04   2.5368887e-01   4.8874861e-01
   2.7600000e+02   2.0394009e-02   9.1667075e-01   5.5725552e-02   9.6555797e-04   2.5017093e-01   4.9119847e-01
   2.7700000e+02   2.0532845e-02   9.1487539e-01   5.5184814e-02   9.4021249e-04   2.4673989e-01   4.9366061e-01
   2.7800000e+02   2.0674298e-02   9.1299885e-01   5.4695649e-02   9.1498327e-04   2.4339412e-01   4.9613510e-01
   2.7900000e+02   2.0818556e-02   9.1103373e-01   5.4253153e-02   8.9146299e-04   2.4013207e-01   4.9862198e-01
   2.8000000e+02   2.0965835e-02   9.0897174e-01   5.3852889e-02   8.7025935e-04   2.3695221e-01   5.0112134e-01
   2.8100000e+02   2.1116378e-02   9.0680361e-01   5.3490845e-02   8.4814317e-04   2.3385309e-01   5.0363322e-01
   2.8200000e+02   2.1270465e-02   9.0451841e-01   5.3163388e-02   8.2781849e-04   2.3083327e-01   5.0615769e-01
   2.8300000e+02   2.1428416e-02   9.0210368e-01   5.2867235e-02   8.0860567e-04   2.2789142e-01   5.0869482e-01
   2.8400000e+02   2.1590604e-02   8.9954491e-01   5.2599412e-02   7.9060333e-04   2.2502621e-01   5.1124466e-01
   2.8500000e+02   2.1757461e-02   8.9682513e-01   5.2357231e-02   7.7283332e-04   2.2223639e-01   5.1380728e-01
   2.8600000e+02   2.1929499e-02   8.9392417e-01   5.2138261e-02   7.5611167e-04   2.1952080e-01   5.1638275e-01
   2.8700000e+02   2.2107324e-02   8.9081803e-01   5.1940303e-02   7.4042272e-04   2.1687831e-01   5.1897113e-01
   2.8800000e+02   2.2291663e-02   8.8747779e-01   5.1761366e-02   7.2498260e-04   2.1430788e-01   5.2157249e-01
   2.8900000e+02   2.2483401e-02   8.8386811e-01   5.1599653e-02   7.1050933e-04   2.1180857e-01   5.2418688e-01
   2.9000000e+02   2.2683620e-02   8.7994539e-01   5.1453539e-02   6.9664164e-04   2.0937952e-01   5.2681438e-01
   2.9100000e+02   2.2893670e-02   8.7565502e-01   5.1321555e-02   6.8330278e-04   2.0701999e-01   5.2945504e-01
   2.9200000e+02   2.3115255e-02   8.7092756e-01   5.1202374e-02   6.7063999e-04   2.0472939e-01   5.3210895e-01
   2.9300000e+02   2.3350568e-02   8.6567309e-01   5.1094799e-02   6.5899517e-04   2.0250728e-01   5.3477616e-01
   2.9400000e+02   2.3602480e-02   8.5977310e-01   5.0997754e-02   6.4709283e-04   2.0035344e-01   5.3745673e-01
   2.9500000e+02   2.3874836e-02   8.5306760e-01   5.0910267e-02   6.3592475e-04   1.9826794e-01   5.4015075e-01
   2.9600000e+02   2.4172915e-02   8.4533544e-01   5.0831471e-02   6.2533189e-04   1.9625118e-01   5.4285826e-01
   2.9700000e+02   2.4504170e-02   8.3626212e-01   5.0760591e-02   6.1540208e-04   1.9430409e-01   5.4557935e-01
   2.9800000e+02   2.4879482e-02   8.2538583e-01   5.0696944e-02   6.0603337e-04   1.9242829e-01   5.4831408e-01
   2.9900000e+02   2.5315342e-02   8.1200331e-01   5.0639941e-02   5.9677256e-04   1.9062647e-01   5.5106251e-01
   3.0000000e+02   2.5837896e-02   7.9499817e-01   5.0589093e-02   5.8833029e-04   1.8890294e-01   5.5382473e-01
   3.0100000e+02   2.6490830e-02   7.7251349e-01   5.0544034e-02   5.8009439e-04   1.8726468e-01   5.5660078e-01
   3.0200000e+02   2.7351884e-02   7.4129421e-01   5.0504583e-02   5.7250912e-04   1.8572329e-01   5.5939076e-01
   3.0300000e+02   2.8570364e-02   6.9529961e-01   5.0470881e-02   5.6567062e-04   1.8429893e-01   5.6219472e-01
   3.0400000e+02   3.0461441e-02   6.2264197e-01   5.0443791e-02   5.5952874e-04   1.8302922e-01   5.6501273e-01
   3.0500000e+02   3.3775481e-02   4.9878838e-01   5.0426243e-02   5.5501213e-04   1.8199117e-01   5.6784487e-01
   3.0600000e+02   4.0574259e-02   2.7656639e-01   5.0429416e-02   5.5163933e-04   1.8136420e-01   5.7069120e-01
   3.0700000e+02   5.5363922e-02   4.4166643e-02   5.0512400e-02   5.5271064e-04   1.8160108e-01   5.7355180e-01
   3.0800000e+02   7.3759386e-02   2.4316831e-02   5.0891476e-02   5.6068877e-04   1.8323445e-01   5.7642674e-01
   3.0900000e+02   9.1880537e-02   1.7310150e-02   5.1941367e-02   5.7602224e-04   1.8629651e-01   5.7931609e-01
   3.1000000e+02   1.0954889e-01   1.3540497e-02   5.4196610e-02   5.9814427e-04   1.9070537e-01   5.8221993e-01
   3.1100000e+02   1.2672102e-01   1.1183239e-02   5.8336854e-02   6.2846383e-04   1.9636756e-01   5.8513832e-01
   3.1200000e+02   1.4338789e-01   9.5706958e-03   6.5140064e-02   6.6656089e-04   2.0318492e-01   5.8807134e-01
   3.1300000e+02   1.5955377e-01   8.3989502e-03   7.5416051e-02   7.1334468e-04   2.1105746e-01   5.9101906e-01
   3.1400000e+02   1.7522900e-01   7.5097293e-03   8.9929074e-02   7.6879313e-04   2.1988516e-01   5.9398155e-01
   3.1500000e+02   1.9042687e-01   6.8123807e-03   1.0932104e-01   8.3373932e-04   2.2956915e-01   5.9695890e-01
   3.1600000e+02   2.0516209e-01   6.2508282e-03   1.3404746e-01   9.0909940e-04   2.4001273e-01   5.9995116e-01
   3.1700000e+02   2.1945008e-01   5.7904879e-03   1.6433590e-01   9.9522638e-04   2.5112201e-01   6.0295843e-01
   3.1800000e+02   2.3330642e-01   5.4056987e-03   2.0017203e-01   1.0944811e-03   2.6280660e-01   6.0598077e-01
   3.1900000e+02   2.4674664e-01   5.0793863e-03   2.4131237e-01   1.2084472e-03   2.7498000e-01   6.0901827e-01
   3.2000000e+02   2.5978604e-01   4.8005829e-03   2.8731828e-01   1.3395467e-03   2.8755999e-01   6.1207098e-01
   3.2100000e+02   2.7243955e-01   4.5554542e-03   3.3760294e-01   1.4908567e-03   3.0046888e-01   6.1513900e-01
   3.2200000e+02   2.8472174e-01   4.3506382e-03   3.9148287e-01   1.6663174e-03   3.1363370e-01   6.1822240e-01
   3.2300000e+02   2.9664668e-01   4.1667651e-03   4.4822707e-01   1.8710361e-03   3.2698631e-01   6.2132125e-01
   3.2400000e+02   3.0822795e-01   4.0033079e-03   5.0709921e-01   2.1117347e-03   3.4046342e-01   6.2443564e-01
   3.2500000e+02   3.1947864e-01   3.8616246e-03   5.6739054e-01   2.3974195e-03   3.5400662e-01   6.2756563e-01
   3.2600000e+02   3.3041123e-01   3.7356433e-03   6.2844335e-01   2.7404115e-03   3.6756229e-01   6.3071132e-01
   3.2700000e+02   3.4103763e-01   3.6233003e-03   6.8966566e-01   3.1579727e-03   3.8108150e-01   6.3387277e-01
   3.2800000e+02   3.5136907e-01   3.5273827e-03   7.5053883e-01   3.6749584e-03   3.9451989e-01   6.3705007e-01
   3.2900000e+02   3.6141601e-01   3.4443091e-03   8.1061953e-01   4.3282893e-03   4.0783749e-01   6.4024330e-01
   3.3000000e+02   3.7118797e-01   3.3752128e-03   8.6953776e-01   5.1747565e-03   4.2099855e-01   6.4345253e-01
   3.3100000e+02   3.8069322e-01   3.3230149e-03   9.2699226e-01   6.3050711e-03   4.3397127e-01   6.4667785e-01
   3.3200000e+02   3.8993827e-01   3.2876851e-03   9.8274426e-01   7.8696207e-03   4.4672760e-01   6.4991934e-01
   3.3300000e+02   3.9892692e-01   3.2817573e-03   1.0366103e+00   1.0125013e-02   4.5924292e-01   6.5317707e-01
   3.3400000e+02   4.0765854e-01   3.3124201e-03   1.0884548e+00   1.3510886e-02   4.7149569e-01   6.5645114e-01
   3.3500000e+02   4.1612528e-01   3.4013019e-03   1.1381818e+00   1.8746098e-02   4.8346704e-01   6.5974161e-01
   3.3600000e+02   4.2430824e-01   3.5783041e-03   1.1857277e+00   2.6867771e-02   4.9514018e-01   6.6304858e-01
   3.3700000e+02   4.3217399e-01   3.8774291e-03   1.2310531e+00   3.9082801e-02   5.0649971e-01   6.6637212e-01
   3.3800000e+02   4.3967384e-01   4.3298301e-03   1.2741365e+00   5.6436489e-02   5.1753096e-01   6.6971233e-01
   3.3900000e+02   4.4674662e-01   4.9603684e-03   1.3149687e+00   7.9535205e-02   5.2821944e-01   6.7306928e-01
   3.4000000e+02   4.5332321e-01   5.7774763e-03   1.3535501e+00   1.0849851e-01   5.3855057e-01   6.7644305e-01
   3.4100000e+02   4.5933030e-01   6.7978296e-03   1.3898886e+00   1.4307355e-01   5.4850964e-01   6.7983373e-01
   3.4200000e+02   4.6469250e-01   8.0214260e-03   1.4239977e+00   1.8277851e-01   5.5808191e-01   6.8324141e-01
   3.4300000e+02   4.6933308e-01   9.4571723e-03   1.4558955e+00   2.2701236e-01   5.6725271e-01   6.8666618e-01
   3.4400000e+02   4.7317354e-01   1.1123979e-02   1.4856024e+00   2.7512430e-01   5.7600753e-01   6.9010810e-01
   3.4500000e+02   4.7613245e-01   1.3036415e-02   1.5131382e+00   3.2645430e-01   5.8433206e-01   6.9356729e-01
   3.4600000e+02   4.7812361e-01   1.5220480e-02   1.5385199e+00   3.8035538e-01   5.9221211e-01   6.9704381e-01
   3.4700000e+02   4.7905347e-01   1.7730097e-02   1.5617569e+00   4.3620525e-01   5.9963338e-01   7.0053775e-01
   3.4800000e+02   4.7881727e-01   2.0606176e-02   1.5828463e+00   4.9341161e-01   6.0658117e-01   7.0404921e-01
   3.4900000e+02   4.7729372e-01   2.3934390e-02   1.6017666e+00   5.5141357e-01   6.1303986e-01   7.0757827e-01
   3.5000000e+02   4.7433663e-01   2.7816146e-02   1.6184680e+00   6.0968065e-01   6.1899217e-01   7.1112503e-01
   3.5100000e+02   4.6976207e-01   3.2472198e-02   1.6328595e+00   6.6770981e-01   6.2441809e-01   7.1468955e-01
   3.5200000e+02   4.6332582e-01   3.8130717e-02   1.6447874e+00   7.2502084e-01   6.2929318e-01   7.1827195e-01
   3.5300000e+02   4.5468403e-01   4.5265296e-02   1.6540001e+00   7.8114963e-01   6.3358594e-01   7.2187230e-01
   3.5400000e+02   4.4331401e-01   5.4743947e-02   1.6600841e+00   8.3563845e-01   6.3725334e-01   7.2549070e-01
   3.5500000e+02   4.2833535e-01   6.8352118e-02   1.6623338e+00   8.8802081e-01   6.4023223e-01   7.2912724e-01
   3.5600000e+02   4.0802019e-01   9.0718382e-02   1.6594460e+00   9.3779494e-01   6.4242063e-01   7.3278201e-01
   3.5700000e+02   3.7793946e-01   1.3957767e-01   1.6485932e+00   9.8436797e-01   6.4362507e-01   7.3645509e-01
   3.5800000e+02   3.1805229e-01   3.6539972e-01   1.6207331e+00   1.0268882e+00   6.4332175e-01   7.4014659e-01
   3.5900000e+02   1.6327242e-01   9.6330123e-01   1.5302342e+00   1.0633419e+00   6.3922761e-01   7.4385659e-01
   3.6000000e+02   7.7557461e-02   9.8839368e-01   1.3941120e+00   1.0895660e+00   6.3065740e-01   7.4758519e-01
   3.6100000e+02   4.6335037e-02   9.9403118e-01   1.2665289e+00   1.1030913e+00   6.2036414e-01   3.7566624e-01
   3.6200000e+02   2.5815133e-02   9.9698370e-01   1.1507988e+00   1.1015361e+00   6.0938612e-01   3.7754927e-01
   3.6300000e+02   1.8568942e-02   9.9860485e-01   1.0460493e+00   1.0407349e+00   5.9816461e-01   3.7944174e-01
   3.6400000e+02   1.6046942e-02   9.9819556e-01   9.5126465e-01   9.4526826e-01   5.8700906e-01   3.8134370e-01
   3.6500000e+02   1.5197724e-02   9.9879042e-01   8.6549935e-01   8.5863778e-01   5.7602947e-01   3.8325520e-01
   3.6600000e+02   1.4948632e-02   9.9880552e-01   7.8789553e-01   7.7991908e-01   5.6526290e-01   3.8517627e-01
   3.6700000e+02   1.4910974e-02   9.9746638e-01   7.1767665e-01   7.0822512e-01   5.5471996e-01   3.8710698e-01
   3.6800000e+02   1.4944259e-02   9.9781345e-01   6.5413998e-01   6.4267766e-01   5.4440139e-01   3.8904736e-01
   3.6900000e+02   1.5011503e-02   9.9695283e-01   5.9664965e-01   5.8236205e-01   5.3430463e-01   3.9099747e-01
   3.7000000e+02   1.5085411e-02   9.9681016e-01   5.4463026e-01   5.2627249e-01   5.2442593e-01   3.9295735e-01
   3.7100000e+02   1.5163253e-02   9.9646266e-01   4.9756120e-01   4.7327173e-01   5.1476102e-01   3.9492706e-01
   3.7200000e+02   1.5242304e-02   9.9649655e-01   4.5497137e-01   4.2211675e-01   5.0530562e-01   3.9690664e-01
   3.7300000e+02   1.5325869e-02   9.9519271e-01   4.1643453e-01   3.7158703e-01   4.9605554e-01   3.9889614e-01
   3.7400000e+02   1.5413709e-02   9.9474315e-01   3.8156499e-01   3.2066692e-01   4.8700679e-01   4.0089561e-01
   3.7500000e+02   1.5503925e-02   9.9356247e-01   3.5001375e-01   2.6867408e-01   4.7815537e-01   4.0290511e-01
   3.7600000e+02   1.5597912e-02   9.9213761e-01   3.2146504e-01   2.1528907e-01   4.6949742e-01   4.0492468e-01
   3.7700000e+02   1.5699397e-02   9.8999937e-01   2.9563314e-01   1.6054414e-01   4.6102924e-01   4.0695438e-01
   3.7800000e+02   1.5816506e-02   9.8620610e-01   2.7225950e-01   1.0491554e-01   4.5274755e-01   4.0899424e-01
   3.7900000e+02   1.5967098e-02   9.7845316e-01   2.5111021e-01   5.0109287e-02   4.4464980e-01   4.1104433e-01
   3.8000000e+02   1.6200237e-02   9.6227516e-01   2.3197361e-01   8.9376481e-03   4.3673533e-01   4.1310470e-01
   3.8100000e+02   1.6456460e-02   9.5659585e-01   2.1465821e-01   5.8602351e-03   4.2900475e-01   4.1517540e-01
   3.8200000e+02   1.6628259e-02   9.5496130e-01   1.9899067e-01   5.2001337e-03   4.2145160e-01   4.1725647e-01
   3.8300000e+02   1.6759610e-02   9.5366036e-01   1.8481416e-01   4.6686831e-03   4.1406882e-01   4.1934798e-01
   3.8400000e+02   1.6874152e-02   9.5252179e-01   1.7198678e-01   4.2310311e-03   4.0685139e-01   4.2144997e-01
   3.8500000e+02   1.6981683e-02   9.5147017e-01   1.6038013e-01   3.8641913e-03   3.9979529e-01   4.2356250e-01
   3.8600000e+02   1.7086349e-02   9.5046776e-01   1.4987805e-01   3.5522240e-03   3.9289693e-01   4.2568561e-01
   3.8700000e+02   1.7189961e-02   9.4949420e-01   1.4037543e-01   3.2836907e-03   3.8615296e-01   4.2781937e-01
   3.8800000e+02   1.7293348e-02   9.4853745e-01   1.3177714e-01   3.0501555e-03   3.7956016e-01   4.2996383e-01
   3.8900000e+02   1.7396918e-02   9.4758959e-01   1.2399715e-01   2.8452809e-03   3.7311542e-01   4.3211903e-01
   3.9000000e+02   1.7500895e-02   9.4664492e-01   1.1695757e-01   2.6643094e-03   3.6681572e-01   4.3428503e-01
   3.9100000e+02   1.7605418e-02   9.4569916e-01   1.1058794e-01   2.5028514e-03   3.6065808e-01   4.3646190e-01
   3.9200000e+02   1.7710583e-02   9.4474862e-01   1.0482452e-01   2.3585384e-03   3.5463962e-01   4.3864967e-01
   3.9300000e+02   1.7816468e-02   9.4379032e-01   9.9609619e-02   2.2282568e-03   3.4875750e-01   4.4084841e-01
   3.9400000e+02   1.7923138e-02   9.4282148e-01   9.4891036e-02   2.1107299e-03   3.4300897e-01   4.4305817e-01
   3.9500000e+02   1.8030650e-02   9.4183975e-01   9.0621543e-02   2.0035539e-03   3.3739132e-01   4.4527901e-01
   3.9600000e+02   1.8139059e-02   9.4084276e-01   8.6758406e-02   1.9061062e-03   3.3190190e-01   4.4751098e-01
   3.9700000e+02   1.8248416e-02   9.3982842e-01   8.3262956e-02   1.8169069e-03   3.2653813e-01   4.4975414e-01
   3.9800000e+02   1.8358772e-02   9.3879463e-01   8.0100205e-02   1.7350367e-03   3.2129746e-01   4.5200854e-01
   3.9900000e+02   1.8470178e-02   9.3773939e-01   7.7238494e-02   1.6596230e-03   3.1617744e-01   4.5427424e-01
   4.0000000e+02   1.8582685e-02   9.3666074e-01   7.4649178e-02   1.5891674e-03   3.1117563e-01   4.5655130e-01
   4.0100000e+02   1.8696343e-02   9.3555648e-01   7.2306335e-02   1.5246238e-03   3.0628968e-01   4.5883978e-01
   4.0200000e+02   1.8811207e-02   9.3442463e-01   7.0186514e-02   1.4643726e-03   3.0151725e-01   4.6113972e-01
   4.0300000e+02   1.8927332e-02   9.3326297e-01   6.8268492e-02   1.4088394e-03   2.9685610e-01   4.6345119e-01
   4.0400000e+02   1.9044778e-02   9.3206935e-01   6.6533069e-02   1.3563664e-03   2.9230401e-01   4.6577425e-01
   4.0500000e+02   1.9163604e-02   9.3084132e-01   6.4962870e-02   1.3077110e-03   2.8785881e-01   4.6810895e-01
   4.0600000e+02   1.9283878e-02   9.2957641e-01   6.3542174e-02   1.2622634e-03   2.8351840e-01   4.7045536e-01
   4.0700000e+02   1.9405670e-02   9.2827192e-01   6.2256757e-02   1.2203697e-03   2.7928070e-01   4.7281353e-01
   4.0800000e+02   1.9529054e-02   9.2692516e-01   6.1093748e-02   1.1791509e-03   2.7514371e-01   4.7518352e-01
   4.0900000e+02   1.9654112e-02   9.2553284e-01   6.0041500e-02   1.1418019e-03   2.7110546e-01   4.7756538e-01
   4.1000000e+02   1.9780933e-02   9.2409176e-01   5.9089477e-02   1.1058062e-03   2.6716402e-01   4.7995919e-01
   4.1100000e+02   1.9909612e-02   9.2259820e-01   5.8228145e-02   1.0723182e-03   2.6331752e-01   4.8236500e-01
   4.1200000e+02   2.0040255e-02   9.2104821e-01   5.7448874e-02   1.0405975e-03   2.5956413e-01   4.8478286e-01
   4.1300000e+02   2.0172978e-02   9.1943740e-01   5.6743861e-02   1.0106973e-03   2.5590207e-01   4.8721284e-01
   4.1400000e+02   2.0307908e-02   9.1776092e-01   5.6106042e-02   9.8233295e-04   2.5232961e-01   4.8965501e-01
   4.1500000e+02   2.0445187e-02   9.1601337e-01   5.5529027e-02   9.5551688e-04   2.4884506e-01   4.9210941e-01
   4.1600000e+02   2.0584972e-02   9.1418873e-01   5.5007033e-02   9.3015729e-04   2.4544677e-01   4.9457612e-01
   4.1700000e+02   2.0727441e-02   9.1228024e-01   5.4534830e-02   9.0593300e-04   2.4213315e-01   4.9705520e-01
   4.1800000e+02   2.0872792e-02   9.1028026e-01   5.4107683e-02   8.8294247e-04   2.3890266e-01   4.9954670e-01
   4.1900000e+02   2.1021251e-02   9.0818011e-01   5.3721310e-02   8.6111038e-04   2.3575380e-01   5.0205068e-01
   4.2000000e+02   2.1173073e-02   9.0596990e-01   5.3371836e-02   8.4037108e-04   2.3268512e-01   5.0456722e-01
   4.2100000e+02   2.1328553e-02   9.0363822e-01   5.3055756e-02   8.2076144e-04   2.2969522e-01   5.0709638e-01
   4.2200000e+02   2.1488028e-02   9.0117193e-01   5.2769899e-02   8.0144550e-04   2.2678277e-01   5.0963821e-01
   4.2300000e+02   2.1651893e-02   8.9855560e-01   5.2511396e-02   7.8365418e-04   2.2394648e-01   5.1219278e-01
   4.2400000e+02   2.1820606e-02   8.9577117e-01   5.2277651e-02   7.6634173e-04   2.2118512e-01   5.1476016e-01
   4.2500000e+02   2.1994713e-02   8.9279719e-01   5.2066317e-02   7.4989397e-04   2.1849754e-01   5.1734040e-01
   4.2600000e+02   2.2174861e-02   8.8960793e-01   5.1875272e-02   7.3427906e-04   2.1588265e-01   5.1993358e-01
   4.2700000e+02   2.2361831e-02   8.8617228e-01   5.1702595e-02   7.1966135e-04   2.1333945e-01   5.2253976e-01
   4.2800000e+02   2.2556575e-02   8.8245215e-01   5.1546551e-02   7.0503457e-04   2.1086702e-01   5.2515900e-01
   4.2900000e+02   2.2760265e-02   8.7840016e-01   5.1405572e-02   6.9147376e-04   2.0846455e-01   5.2779137e-01
   4.3000000e+02   2.2974370e-02   8.7395675e-01   5.1278240e-02   6.7868393e-04   2.0613134e-01   5.3043694e-01
   4.3100000e+02   2.3200759e-02   8.6904568e-01   5.1163276e-02   6.6590492e-04   2.0386687e-01   5.3309576e-01
   4.3200000e+02   2.3441848e-02   8.6356755e-01   5.1059527e-02   6.5430402e-04   2.0167076e-01   5.3576792e-01
   4.3300000e+02   2.3700828e-02   8.5739025e-01   5.0965954e-02   6.4263284e-04   1.9954290e-01   5.3845347e-01
   4.3400000e+02   2.3982011e-02   8.5033394e-01   5.0881624e-02   6.3185252e-04   1.9748346e-01   5.4115248e-01
   4.3500000e+02   2.4291374e-02   8.4214751e-01   5.0805701e-02   6.2152411e-04   1.9549303e-01   5.4386501e-01
   4.3600000e+02   2.4637459e-02   8.3246974e-01   5.0737445e-02   6.1155486e-04   1.9357276e-01   5.4659115e-01
   4.3700000e+02   2.5032900e-02   8.2076328e-01   5.0676205e-02   6.0227614e-04   1.9172461e-01   5.4933095e-01
   4.3800000e+02   2.5497153e-02   8.0619765e-01   5.0621427e-02   5.9369485e-04   1.8995180e-01   5.5208448e-01
   4.3900000e+02   2.6061636e-02   7.8743243e-01   5.0572661e-02   5.8502438e-04   1.8825947e-01   5.5485182e-01
   4.4000000e+02   2.6780017e-02   7.6219550e-01   5.0529601e-02   5.7815378e-04   1.8665601e-01   5.5763302e-01
   4.4100000e+02   2.7750361e-02   7.2642103e-01   5.0492159e-02   5.7016631e-04   1.8515556e-01   5.6042817e-01
   4.4200000e+02   2.9167248e-02   6.7239639e-01   5.0460672e-02   5.6312258e-04   1.8378331e-01   5.6323733e-01
   4.4300000e+02   3.1458678e-02   5.8463101e-01   5.0436510e-02   5.5752235e-04   1.8258770e-01   5.6606057e-01
   4.4400000e+02   3.5698345e-02   4.3102571e-01   5.0424343e-02   5.5317013e-04   1.8167236e-01   5.6889796e-01
   4.4500000e+02   4.4935137e-02   1.6426802e-01   5.0444193e-02   5.5128692e-04   1.8129163e-01   5.7174957e-01
   4.4600000e+02   6.2187729e-02   3.3074785e-02   5.0602168e-02   5.5469582e-04   1.8201425e-01   5.7461548e-01
   4.4700000e+02   8.0526351e-02   2.1110611e-02   5.1177997e-02   5.6527774e-04   1.8418617e-01   5.7749575e-01
   4.4800000e+02   9.8488763e-02   1.5675119e-02   5.2603988e-02   5.8307474e-04   1.8775867e-01   5.8039046e-01
   4.4900000e+02   1.1597555e-01   1.2549435e-02   5.5472426e-02   6.0926658e-04   1.9264416e-01   5.8329968e-01
   4.5000000e+02   1.3296039e-01   1.0519199e-02   6.0506074e-02   6.4147579e-04   1.9874695e-01   5.8622348e-01
   4.5100000e+02   1.4944053e-01   9.0952373e-03   6.8503266e-02   6.8278126e-04   2.0596794e-01   5.8916194e-01
   4.5200000e+02   1.6542304e-01   8.0421060e-03   8.0266182e-02   7.3263840e-04   2.1420695e-01   5.9211512e-01
   4.5300000e+02   1.8091957e-01   7.2321496e-03   9.6522242e-02   7.9214727e-04   2.2336427e-01   5.9508311e-01
   4.5400000e+02   1.9594409e-01   6.5906951e-03   1.1785067e-01   8.6017146e-04   2.3334173e-01   5.9806598e-01
   4.5500000e+02   2.1051163e-01   6.0694598e-03   1.4462588e-01   9.3937706e-04   2.4404359e-01   6.0106380e-01
   4.5600000e+02   2.2463771e-01   5.6396697e-03   1.7698586e-01   1.0303216e-03   2.5537720e-01   6.0407664e-01
   4.5700000e+02   2.3833792e-01   5.2786595e-03   2.1482853e-01   1.1347764e-03   2.6725356e-01   6.0710459e-01
   4.5800000e+02   2.5162771e-01   4.9719589e-03   2.5783320e-01   1.2547730e-03   2.7958771e-01   6.1014771e-01
   4.5900000e+02   2.6452227e-01   4.7071666e-03   3.0550038e-01   1.3929564e-03   2.9229909e-01   6.1320609e-01
   4.6000000e+02   2.7703640e-01   4.4792133e-03   3.5720140e-01   1.5526947e-03   3.0531174e-01   6.1627980e-01
   4.6100000e+02   2.8918447e-01   4.2793081e-03   4.1222974e-01   1.7383184e-03   3.1855448e-01   6.1936891e-01
   4.6200000e+02   3.0098039e-01   4.1040236e-03   4.6984796e-01   1.9554708e-03   3.3196095e-01   6.2247351e-01
   4.6300000e+02   3.1243756e-01   3.9497400e-03   5.2932663e-01   2.2116260e-03   3.4546969e-01   6.2559367e-01
   4.6400000e+02   3.2356885e-01   3.8134265e-03   5.8997369e-01   2.5168726e-03   3.5902406e-01   6.2872948e-01
   4.6500000e+02   3.3438653e-01   3.6928083e-03   6.5115451e-01   2.8851287e-03   3.7257219e-01   6.3188100e-01
   4.6600000e+02   3.4490226e-01   3.5858143e-03   7.1230376e-01   3.3360846e-03   3.8606688e-01   6.3504831e-01
   4.6700000e+02   3.5512701e-01   3.4951235e-03   7.7293073e-01   3.8984074e-03   3.9946540e-01   6.3823151e-01
   4.6800000e+02   3.6507092e-01   3.4168457e-03   8.3261967e-01   4.6152164e-03   4.1272938e-01   6.4143065e-01
   4.6900000e+02   3.7474308e-01   3.3538961e-03   8.9102673e-01   5.5537550e-03   4.2582455e-01   6.4464584e-01
   4.7000000e+02   3.8415119e-01   3.3078094e-03   9.4787462e-01   6.8229579e-03   4.3872055e-01   6.4787714e-01
   4.7100000e+02   3.9330091e-01   3.2822674e-03   1.0029459e+00   8.6056608e-03   4.5139063e-01   6.5112464e-01
   4.7200000e+02   4.0219463e-01   3.2879103e-03   1.0560758e+00   1.1215588e-02   4.6381135e-01   6.5438841e-01
   4.7300000e+02   4.1082945e-01   3.3371470e-03   1.1071444e+00   1.5185011e-02   4.7596223e-01   6.5766855e-01
   4.7400000e+02   4.1919390e-01   3.4548397e-03   1.1560686e+00   2.1353441e-02   4.8782523e-01   6.6096513e-01
   4.7500000e+02   4.2726401e-01   3.6724454e-03   1.2027946e+00   3.0850917e-02   4.9938417e-01   6.6427823e-01
   4.7600000e+02   4.3500058e-01   4.0259484e-03   1.2472905e+00   4.4866663e-02   5.1062399e-01   6.6760794e-01
   4.7700000e+02   4.4234983e-01   4.5416351e-03   1.2895396e+00   6.4304615e-02   5.2153015e-01   6.7095433e-01
   4.7800000e+02   4.4924711e-01   5.2404953e-03   1.3295368e+00   8.9584583e-02   5.3208815e-01   6.7431751e-01
   4.7900000e+02   4.5562138e-01   6.1329241e-03   1.3672853e+00   1.2067099e-01   5.4228334e-01   6.7769754e-01
   4.8000000e+02   4.6139840e-01   7.2265336e-03   1.4027954e+00   1.5721066e-01   5.5210099e-01   6.8109451e-01
   4.8100000e+02   4.6650229e-01   8.5276317e-03   1.4360824e+00   1.9866717e-01   5.6152638e-01   6.8450851e-01
   4.8200000e+02   4.7085573e-01   1.0047991e-02   1.4671656e+00   2.4441472e-01   5.7054489e-01   6.8793962e-01
   4.8300000e+02   4.7437931e-01   1.1800227e-02   1.4960654e+00   2.9379556e-01   5.7914209e-01   6.9138794e-01
   4.8400000e+02   4.7699010e-01   1.3812882e-02   1.5228011e+00   3.4615254e-01   5.8730373e-01   6.9485353e-01
   4.8500000e+02   4.7859951e-01   1.6113021e-02   1.5473872e+00   4.0084689e-01   5.9501560e-01   6.9833650e-01
   4.8600000e+02   4.7911033e-01   1.8738168e-02   1.5698293e+00   4.5726702e-01   6.0226331e-01   7.0183693e-01
   4.8700000e+02   4.7841251e-01   2.1779212e-02   1.5901186e+00   5.1483226e-01   6.0903188e-01   7.0535490e-01
   4.8800000e+02   4.7637665e-01   2.5302263e-02   1.6082241e+00   5.7299319e-01   6.1530520e-01   7.0889050e-01
   4.8900000e+02   4.7284443e-01   2.9445253e-02   1.6240830e+00   6.3122993e-01   6.2106511e-01   7.1244383e-01
   4.9000000e+02   4.6761288e-01   3.4431712e-02   1.6375837e+00   6.8904852e-01   6.2629019e-01   7.1601497e-01
   4.9100000e+02   4.6040687e-01   4.0558665e-02   1.6485417e+00   7.4597562e-01   6.3095378e-01   7.1960401e-01
   4.9200000e+02   4.5082886e-01   4.8419770e-02   1.6566552e+00   8.0155083e-01   6.3502078e-01   7.2321104e-01
   4.9300000e+02   4.3825367e-01   5.9146551e-02   1.6614232e+00   8.5531536e-01   6.3844203e-01   7.2683615e-01
   4.9400000e+02   4.2157561e-01   7.5194920e-02   1.6619709e+00   9.0679368e-01   6.4114313e-01   7.3047943e-01
   4.9500000e+02   3.9844395e-01   1.0368436e-01   1.6566060e+00   9.5545954e-01   6.4299792e-01   7.3414098e-01
   4.9600000e+02   3.6179436e-01   1.7925639e-01   1.6412648e+00   1.0006567e+00   6.4374315e-01   7.3782088e-01
   4.9700000e+02   2.6937436e-01   6.9314264e-01   1.5988702e+00   1.0413021e+00   6.4247227e-01   7.4151922e-01
   4.9800000e+02   1.2142837e-01   9.7846565e-01   1.4799214e+00   1.0744438e+00   6.3639557e-01   7.4523610e-01
   4.9900000e+02   6.2170464e-02   9.9141887e-01   1.3454543e+00   1.0961293e+00   6.2695353e-01   7.4897161e-01
   5.0000000e+02   4.0842749e-02   9.9483581e-01   1.2223300e+00   1.1045861e+00   6.1639744e-01   3.7636292e-01
   5.0100000e+02   2.3876937e-02   9.9727222e-01   1.1107925e+00   1.0935563e+00   6.0538045e-01   3.7824945e-01
   5.0200000e+02   1.7900332e-02   9.9820546e-01   1.0098489e+00   1.0043126e+00   5.9419958e-01   3.8014543e-01
   5.0300000e+02   1.5823445e-02   9.9967172e-01   9.1850902e-01   9.1223086e-01   5.8311268e-01   3.8205092e-01
   5.0400000e+02   1.5135953e-02   9.9810791e-01   8.3586078e-01   8.2863960e-01   5.7221079e-01   3.8396596e-01
   5.0500000e+02   1.4942439e-02   9.9812815e-01   7.6107744e-01   7.5263006e-01   5.6152421e-01   3.8589060e-01
   5.0600000e+02   1.4924190e-02   9.9730444e-01   6.9341064e-01   6.8332407e-01   5.5106097e-01   3.8782488e-01
   5.0700000e+02   1.4967113e-02   9.9747508e-01   6.3218319e-01   6.1983775e-01   5.4082104e-01   3.8976886e-01
   5.0800000e+02   1.5038106e-02   9.9691368e-01   5.7678233e-01   5.6123182e-01   5.3080158e-01   3.9172259e-01
   5.0900000e+02   1.5111915e-02   9.9656865e-01   5.2665357e-01   5.0645776e-01   5.2099865e-01   3.9368610e-01
   5.1000000e+02   1.5193780e-02   9.9623484e-01   4.8129523e-01   4.5433403e-01   5.1140805e-01   3.9565946e-01
   5.1100000e+02   1.5276779e-02   9.9560062e-01   4.4025333e-01   4.0360703e-01   5.0202561e-01   3.9764271e-01
   5.1200000e+02   1.5361514e-02   9.9503704e-01   4.0311711e-01   3.5310909e-01   4.9284713e-01   3.9963591e-01
   5.1300000e+02   1.5448157e-02   9.9436644e-01   3.6951489e-01   3.0193330e-01   4.8386849e-01   4.0163909e-01
   5.1400000e+02   1.5538434e-02   9.9371751e-01   3.3911039e-01   2.4952660e-01   4.7508574e-01   4.0365231e-01
   5.1500000e+02   1.5633472e-02   9.9153539e-01   3.1159928e-01   1.9569446e-01   4.6649506e-01   4.0567563e-01
   5.1600000e+02   1.5738530e-02   9.8910593e-01   2.8670624e-01   1.4060376e-01   4.5809289e-01   4.0770909e-01
   5.1700000e+02   1.5865726e-02   9.8406648e-01   2.6418213e-01   8.4992587e-02   4.4987624e-01   4.0975274e-01
   5.1800000e+02   1.6038327e-02   9.7366630e-01   2.4380152e-01   3.1915522e-02   4.4184303e-01   4.1180663e-01
   5.1900000e+02   1.6303370e-02   9.5855908e-01   2.2536048e-01   6.5028963e-03   4.3399360e-01   4.1387082e-01
   5.2000000e+02   1.6526156e-02   9.5594890e-01   2.0867443e-01   5.6099928e-03   4.2632658e-01   4.1594536e-01
   5.2100000e+02   1.6679326e-02   9.5446628e-01   1.9357635e-01   5.0003277e-03   4.1883418e-01   4.1803029e-01
   5.2200000e+02   1.6802960e-02   9.5323512e-01   1.7991510e-01   4.5051450e-03   4.1151020e-01   4.2012568e-01
   5.2300000e+02   1.6914291e-02   9.5213307e-01   1.6755394e-01   4.0946314e-03   4.0435008e-01   4.2223157e-01
   5.2400000e+02   1.7020506e-02   9.5110163e-01   1.5636915e-01   3.7486715e-03   3.9734999e-01   4.2434801e-01
   5.2500000e+02   1.7124673e-02   9.5011081e-01   1.4624879e-01   3.4531340e-03   3.9050644e-01   4.2647506e-01
   5.2600000e+02   1.7228156e-02   9.4914391e-01   1.3709155e-01   3.1977729e-03   3.8381613e-01   4.2861278e-01
   5.2700000e+02   1.7331589e-02   9.4819067e-01   1.2880579e-01   2.9749694e-03   3.7727589e-01   4.3076121e-01
   5.2800000e+02   1.7435300e-02   9.4724410e-01   1.2130857e-01   2.7790434e-03   3.7088264e-01   4.3292041e-01
   5.2900000e+02   1.7539474e-02   9.4629911e-01   1.1452486e-01   2.6053470e-03   3.6463337e-01   4.3509043e-01
   5.3000000e+02   1.7644231e-02   9.4535163e-01   1.0838676e-01   2.4502413e-03   3.5852514e-01   4.3727133e-01
   5.3100000e+02   1.7749661e-02   9.4439829e-01   1.0283283e-01   2.3109692e-03   3.5255508e-01   4.3946316e-01
   5.3200000e+02   1.7855834e-02   9.4343614e-01   9.7807483e-02   2.1854360e-03   3.4672040e-01   4.4166598e-01
   5.3300000e+02   1.7962814e-02   9.4246256e-01   9.3260417e-02   2.0718331e-03   3.4101833e-01   4.4387984e-01
   5.3400000e+02   1.8070655e-02   9.4147523e-01   8.9146120e-02   1.9683535e-03   3.3544621e-01   4.4610480e-01
   5.3500000e+02   1.8179413e-02   9.4047191e-01   8.5423411e-02   1.8737894e-03   3.3000140e-01   4.4834091e-01
   5.3600000e+02   1.8289137e-02   9.3945048e-01   8.2055026e-02   1.7870280e-03   3.2468134e-01   4.5058823e-01
   5.3700000e+02   1.8399879e-02   9.3840876e-01   7.9007248e-02   1.7084887e-03   3.1948352e-01   4.5284681e-01
   5.3800000e+02   1.8511689e-02   9.3734506e-01   7.6249570e-02   1.6338375e-03   3.1440548e-01   4.5511671e-01
   5.3900000e+02   1.8624618e-02   9.3625703e-01   7.3754387e-02   1.5658207e-03   3.0944481e-01   4.5739799e-01
   5.4000000e+02   1.8738718e-02   9.3514271e-01   7.1496721e-02   1.5028111e-03   3.0459918e-01   4.5969071e-01
   5.4100000e+02   1.8854044e-02   9.3399999e-01   6.9453971e-02   1.4442580e-03   2.9986627e-01   4.6199492e-01
   5.4200000e+02   1.8970653e-02   9.3282669e-01   6.7605687e-02   1.3897189e-03   2.9524386e-01   4.6431068e-01
   5.4300000e+02   1.9088604e-02   9.3162051e-01   6.5933366e-02   1.3388823e-03   2.9072973e-01   4.6663805e-01
   5.4400000e+02   1.9207960e-02   9.3037900e-01   6.4420266e-02   1.2921750e-03   2.8632176e-01   4.6897708e-01
   5.4500000e+02   1.9328789e-02   9.2909977e-01   6.3051235e-02   1.2468387e-03   2.8201783e-01   4.7132784e-01
   5.4600000e+02   1.9451162e-02   9.2777994e-01   6.1812568e-02   1.2048757e-03   2.7781591e-01   4.7369038e-01
   5.4700000e+02   1.9575157e-02   9.2641659e-01   6.0691861e-02   1.1657122e-03   2.7371400e-01   4.7606476e-01
   5.4800000e+02   1.9700858e-02   9.2500657e-01   5.9677891e-02   1.1288292e-03   2.6971014e-01   4.7845105e-01
   5.4900000e+02   1.9828356e-02   9.2354645e-01   5.8760504e-02   1.0939601e-03   2.6580244e-01   4.8084929e-01
   5.5000000e+02   1.9957751e-02   9.2203244e-01   5.7930512e-02   1.0612005e-03   2.6198902e-01   4.8325956e-01
   5.5100000e+02   2.0089151e-02   9.2046043e-01   5.7179602e-02   1.0301561e-03   2.5826809e-01   4.8568191e-01
   5.5200000e+02   2.0222676e-02   9.1882588e-01   5.6500252e-02   1.0005292e-03   2.5463787e-01   4.8811640e-01
   5.5300000e+02   2.0358459e-02   9.1712370e-01   5.5885654e-02   9.7292065e-04   2.5109665e-01   4.9056309e-01
   5.5400000e+02   2.0496647e-02   9.1534828e-01   5.5329653e-02   9.4729601e-04   2.4764276e-01   4.9302205e-01
   5.5500000e+02   2.0637405e-02   9.1349345e-01   5.4826674e-02   9.2133808e-04   2.4427457e-01   4.9549333e-01
   5.5600000e+02   2.0780917e-02   9.1155200e-01   5.4371678e-02   8.9765102e-04   2.4099050e-01   4.9797700e-01
   5.5700000e+02   2.0927392e-02   9.0951599e-01   5.3960103e-02   8.7499134e-04   2.3778903e-01   5.0047312e-01
   5.5800000e+02   2.1077065e-02   9.0737629e-01   5.3587822e-02   8.5365891e-04   2.3466867e-01   5.0298176e-01
   5.5900000e+02   2.1230205e-02   9.0512252e-01   5.3251101e-02   8.3313856e-04   2.3162800e-01   5.0550296e-01
   5.6000000e+02   2.1387122e-02   9.0274261e-01   5.2946563e-02   8.1396106e-04   2.2866564e-01   5.0803681e-01
   5.6100000e+02   2.1548174e-02   9.0022269e-01   5.2671152e-02   7.9503531e-04   2.2578027e-01   5.1058335e-01
   5.6200000e+02   2.1713776e-02   8.9754638e-01   5.2422103e-02   7.7752778e-04   2.2297062e-01   5.1314266e-01
   5.6300000e+02   2.1884418e-02   8.9469448e-01   5.2196917e-02   7.6044633e-04   2.2023550e-01   5.1571480e-01
   5.6400000e+02   2.2060680e-02   8.9164404e-01   5.1993330e-02   7.4437011e-04   2.1757378e-01   5.1829983e-01
   5.6500000e+02   2.2243255e-02   8.8836753e-01   5.1809299e-02   7.2896672e-04   2.1498438e-01   5.2089782e-01
   5.6600000e+02   2.2432982e-02   8.8483143e-01   5.1642973e-02   7.1434837e-04   2.1246635e-01   5.2350883e-01
   5.6700000e+02   2.2630887e-02   8.8099453e-01   5.1492681e-02   7.0037124e-04   2.1001880e-01   5.2613293e-01
   5.6800000e+02   2.2838243e-02   8.7680537e-01   5.1356911e-02   6.8677353e-04   2.0764096e-01   5.2877018e-01
   5.6900000e+02   2.3056653e-02   8.7219878e-01   5.1234301e-02   6.7421779e-04   2.0533219e-01   5.3142065e-01
   5.7000000e+02   2.3288166e-02   8.6709086e-01   5.1123617e-02   6.6209479e-04   2.0309202e-01   5.3408441e-01
   5.7100000e+02   2.3535456e-02   8.6137148e-01   5.1023751e-02   6.4996233e-04   2.0092016e-01   5.3676152e-01
   5.7200000e+02   2.3802078e-02   8.5489292e-01   5.0933703e-02   6.3883250e-04   1.9881659e-01   5.3945205e-01
   5.7300000e+02   2.4092884e-02   8.4745237e-01   5.0852578e-02   6.2809984e-04   1.9678163e-01   5.4215606e-01
   5.7400000e+02   2.4414669e-02   8.3876357e-01   5.0779575e-02   6.1800822e-04   1.9481605e-01   5.4487363e-01
   5.7500000e+02   2.4777265e-02   8.2840984e-01   5.0713987e-02   6.0830095e-04   1.9292126e-01   5.4760482e-01
   5.7600000e+02   2.5195419e-02   8.1576285e-01   5.0655199e-02   5.9905425e-04   1.9109963e-01   5.5034970e-01
   5.7700000e+02   2.5692228e-02   7.9983639e-01   5.0602692e-02   5.9036530e-04   1.8935497e-01   5.5310834e-01
   5.7800000e+02   2.6305725e-02   7.7901063e-01   5.0556065e-02   5.8229003e-04   1.8769345e-01   5.5588081e-01
   5.7900000e+02   2.7102422e-02   7.5048588e-01   5.0515079e-02   5.7444775e-04   1.8612518e-01   5.5866717e-01
   5.8000000e+02   2.8207370e-02   7.0914438e-01   5.0479768e-02   5.6751560e-04   1.8466755e-01   5.6146750e-01
   5.8100000e+02   2.9877616e-02   6.4506454e-01   5.0450740e-02   5.6120992e-04   1.8335230e-01   5.6428187e-01
   5.8200000e+02   3.2704623e-02   5.3796152e-01   5.0430133e-02   5.5600235e-04   1.8224271e-01   5.6711035e-01
   5.8300000e+02   3.8255526e-02   3.4668998e-01   5.0425631e-02   5.5217626e-04   1.8148091e-01   5.6995300e-01
   5.8400000e+02   5.0723463e-02   7.0297343e-02   5.0474944e-02   5.5189218e-04   1.8142865e-01   5.7280990e-01
   5.8500000e+02   6.9006092e-02   2.7249141e-02   5.0747155e-02   5.5818353e-04   1.8268263e-01   5.7568112e-01
   5.8600000e+02   8.7227209e-02   1.8686042e-02   5.1578509e-02   5.7119838e-04   1.8538142e-01   5.7856673e-01
   5.8700000e+02   1.0501935e-01   1.4339474e-02   5.3461503e-02   5.9277992e-04   1.8944981e-01   5.8146681e-01
   5.8800000e+02   1.2232172e-01   1.1704676e-02   5.7041747e-02   6.1979965e-04   1.9479635e-01   5.8438143e-01
   5.8900000e+02   1.3911941e-01   9.9373217e-03   6.3077458e-02   6.5597179e-04   2.0132373e-01   5.8731065e-01
   5.9000000e+02   1.5541425e-01   8.6705132e-03   7.2377370e-02   7.0058229e-04   2.0893226e-01   5.9025456e-01
   5.9100000e+02   1.7121539e-01   7.7187718e-03   8.5725155e-02   7.5359981e-04   2.1752177e-01   5.9321322e-01
   5.9200000e+02   1.8653554e-01   6.9781268e-03   1.0380128e-01   8.1598952e-04   2.2699302e-01   5.9618671e-01
   5.9300000e+02   2.0138914e-01   6.3858485e-03   1.2711454e-01   8.8837318e-04   2.3724866e-01   5.9917511e-01
   5.9400000e+02   2.1579148e-01   5.8990807e-03   1.5595404e-01   9.7173694e-04   2.4819401e-01   6.0217849e-01
   5.9500000e+02   2.2975815e-01   5.4990258e-03   1.9036789e-01   1.0675131e-03   2.5973772e-01   6.0519692e-01
   5.9600000e+02   2.4330468e-01   5.1582919e-03   2.3016941e-01   1.1774634e-03   2.7179225e-01   6.0823049e-01
   5.9700000e+02   2.5644645e-01   4.8680771e-03   2.7496637e-01   1.3038644e-03   2.8427424e-01   6.1127925e-01
   5.9800000e+02   2.6919851e-01   4.6192511e-03   3.2420543e-01   1.4496069e-03   2.9710482e-01   6.1434330e-01
   5.9900000e+02   2.8157552e-01   4.4019415e-03   3.7722324e-01   1.6183832e-03   3.1020978e-01   6.1742271e-01
   6.0000000e+02   2.9359167e-01   4.2120667e-03   4.3329672e-01   1.8149626e-03   3.2351971e-01   6.2051756e-01
   6.0100000e+02   3.0526069e-01   4.0447749e-03   4.9168736e-01   2.0455957e-03   3.3697008e-01   6.2362791e-01
   6.0200000e+02   3.1659579e-01   3.8973621e-03   5.5167664e-01   2.3186167e-03   3.5050122e-01   6.2675386e-01
   6.0300000e+02   3.2760961e-01   3.7669168e-03   6.1259189e-01   2.6453626e-03   3.6405826e-01   6.2989548e-01
   6.0400000e+02   3.3831422e-01   3.6489517e-03   6.7382313e-01   3.0416140e-03   3.7759108e-01   6.3305284e-01
   6.0500000e+02   3.4872103e-01   3.5510586e-03   7.3483234e-01   3.5299251e-03   3.9105415e-01   6.3622603e-01
   6.0600000e+02   3.5884071e-01   3.4647291e-03   7.9515671e-01   4.1435171e-03   4.0440639e-01   6.3941513e-01
   6.0700000e+02   3.6868305e-01   3.3925714e-03   8.5440763e-01   4.9330144e-03   4.1761096e-01   6.4262021e-01
   6.0800000e+02   3.7825668e-01   3.3349482e-03   9.1226657e-01   5.9784815e-03   4.3063506e-01   6.4584136e-01
   6.0900000e+02   3.8756863e-01   3.2953447e-03   9.6847925e-01   7.4114312e-03   4.4344971e-01   6.4907865e-01
   6.1000000e+02   3.9662353e-01   3.2805184e-03   1.0228486e+00   9.4549417e-03   4.5602942e-01   6.5233217e-01
   6.1100000e+02   4.0542212e-01   3.2996300e-03   1.0752273e+00   1.2492208e-02   4.6835190e-01   6.5560200e-01
   6.1200000e+02   4.1395876e-01   3.3712432e-03   1.1255100e+00   1.7161575e-02   4.8039763e-01   6.5888822e-01
   6.1300000e+02   4.2221778e-01   3.5200887e-03   1.1736255e+00   2.4422540e-02   4.9214934e-01   6.6219091e-01
   6.1400000e+02   4.3016975e-01   3.7865133e-03   1.2195287e+00   3.5465297e-02   5.0359134e-01   6.6551016e-01
   6.1500000e+02   4.3776977e-01   4.1973618e-03   1.2631940e+00   5.1410731e-02   5.1470883e-01   6.6884604e-01
   6.1600000e+02   4.4495950e-01   4.7796941e-03   1.3046096e+00   7.2993027e-02   5.2548732e-01   6.7219864e-01
   6.1700000e+02   4.5167145e-01   5.5495459e-03   1.3437735e+00   1.0045062e-01   5.3591225e-01   6.7556805e-01
   6.1800000e+02   4.5783311e-01   6.5156506e-03   1.3806917e+00   1.3361268e-01   5.4596895e-01   6.7895435e-01
   6.1900000e+02   4.6336953e-01   7.6814278e-03   1.4153765e+00   1.7204437e-01   5.5564267e-01   6.8235763e-01
   6.2000000e+02   4.6820433e-01   9.0626204e-03   1.4478451e+00   2.1516740e-01   5.6491870e-01   6.8577796e-01
   6.2100000e+02   4.7225954e-01   1.0669535e-02   1.4781173e+00   2.6233904e-01   5.7378249e-01   6.8921543e-01
   6.2200000e+02   4.7545465e-01   1.2515836e-02   1.5062136e+00   3.1289892e-01   5.8221970e-01   6.9267014e-01
   6.2300000e+02   4.7770491e-01   1.4627876e-02   1.5321518e+00   3.6619524e-01   5.9021609e-01   6.9614216e-01
   6.2400000e+02   4.7891896e-01   1.7046150e-02   1.5559437e+00   4.2159864e-01   5.9775744e-01   6.9963159e-01
   6.2500000e+02   4.7899537e-01   1.9808758e-02   1.5775904e+00   4.7850878e-01   6.0482917e-01   7.0313851e-01
   6.2600000e+02   4.7781786e-01   2.3020846e-02   1.5970757e+00   5.3635667e-01   6.1141598e-01   7.0666301e-01
   6.2700000e+02   4.7524766e-01   2.6757751e-02   1.6143583e+00   5.9460419e-01   6.1750110e-01   7.1020517e-01
   6.2800000e+02   4.7111215e-01   3.1180198e-02   1.6293596e+00   6.5274156e-01   6.2306535e-01   7.1376509e-01
   6.2900000e+02   4.6518575e-01   3.6548486e-02   1.6419446e+00   7.1028321e-01   6.2808564e-01   7.1734285e-01
   6.3000000e+02   4.5715575e-01   4.3244591e-02   1.6518917e+00   7.6676167e-01   6.3253265e-01   7.2093855e-01
   6.3100000e+02   4.4655682e-01   5.1958884e-02   1.6588381e+00   8.2171872e-01   6.3636691e-01   7.2455226e-01
   6.3200000e+02   4.3262946e-01   6.4248060e-02   1.6621728e+00   8.7469206e-01   6.3953168e-01   7.2818410e-01
   6.3300000e+02   4.1394926e-01   8.3522069e-02   1.6607960e+00   9.2519269e-01   6.4193794e-01   7.3183414e-01
   6.3400000e+02   3.8717256e-01   1.2178285e-01   1.6524470e+00   9.7265993e-01   6.4342535e-01   7.3550247e-01
   6.3500000e+02   3.3980354e-01   2.5682238e-01   1.6308496e+00   1.0163417e+00   6.4361155e-01   7.3918919e-01
   6.3600000e+02   2.0236257e-01   9.3982898e-01   1.5626977e+00   1.0547172e+00   6.4084422e-01   7.4289439e-01
   6.3700000e+02   9.2317840e-02   9.8477204e-01   1.4290127e+00   1.0839388e+00   6.3312160e-01   7.4661817e-01
   6.3800000e+02   5.1634141e-02   9.9321683e-01   1.2983822e+00   1.1008772e+00   6.2310340e-01   7.5036061e-01
   6.3900000e+02   3.7104607e-02   9.9518872e-01   1.1796679e+00   1.1038382e+00   6.1239535e-01   3.7706090e-01
   6.4000000e+02   2.2577283e-02   9.9701102e-01   1.0721833e+00   1.0668557e+00   6.0138024e-01   3.7895093e-01
   6.4100000e+02   1.7460596e-02   9.9767058e-01   9.7491324e-01   9.6913336e-01   5.9025484e-01   3.8085043e-01
   6.4200000e+02   1.5692937e-02   9.9659650e-01   8.8689782e-01   8.8031328e-01   5.7924187e-01   3.8275945e-01
   6.4300000e+02   1.5115034e-02   9.9756867e-01   8.0725776e-01   7.9964230e-01   5.6841969e-01   3.8467804e-01
   6.4400000e+02   1.4959746e-02   9.9740256e-01   7.3519635e-01   7.2622760e-01   5.5781383e-01   3.8660624e-01
   6.4500000e+02   1.4954949e-02   9.9696764e-01   6.6999247e-01   6.5919535e-01   5.4743063e-01   3.8854412e-01
   6.4600000e+02   1.5004138e-02   9.9684718e-01   6.1099357e-01   5.9764974e-01   5.3726945e-01   3.9049170e-01
   6.4700000e+02   1.5073034e-02   9.9655932e-01   5.5760918e-01   5.4061993e-01   5.2732719e-01   3.9244905e-01
   6.4800000e+02   1.5149579e-02   9.9617177e-01   5.0930500e-01   4.8701118e-01   5.1759991e-01   3.9441621e-01
   6.4900000e+02   1.5229649e-02   9.9577007e-01   4.6559760e-01   4.3560508e-01   5.0808342e-01   3.9639323e-01
   6.5000000e+02   1.5311993e-02   9.9521402e-01   4.2604954e-01   3.8515782e-01   4.9877352e-01   3.9838016e-01
   6.5100000e+02   1.5396573e-02   9.9455466e-01   3.9026500e-01   3.3457714e-01   4.8966607e-01   4.0037705e-01
   6.5200000e+02   1.5483971e-02   9.9347480e-01   3.5788584e-01   2.8307638e-01   4.8075703e-01   4.0238394e-01
   6.5300000e+02   1.5575635e-02   9.9234987e-01   3.2858800e-01   2.3023158e-01   4.7204251e-01   4.0440090e-01
   6.5400000e+02   1.5674097e-02   9.9050601e-01   3.0207824e-01   1.7597235e-01   4.6351879e-01   4.0642797e-01
   6.5500000e+02   1.5784845e-02   9.8722006e-01   2.7809126e-01   1.2062125e-01   4.5518246e-01   4.0846520e-01
   6.5600000e+02   1.5921845e-02   9.8130680e-01   2.5638699e-01   6.5330677e-02   4.4703068e-01   4.1051264e-01
   6.5700000e+02   1.6124440e-02   9.6740740e-01   2.3674822e-01   1.6491079e-02   4.3906204e-01   4.1257034e-01
   6.5800000e+02   1.6395964e-02   9.5721508e-01   2.1897842e-01   6.0910608e-03   4.3127757e-01   4.1463836e-01
   6.5900000e+02   1.6587338e-02   9.5537380e-01   2.0289974e-01   5.3798969e-03   4.2367295e-01   4.1671674e-01
   6.6000000e+02   1.6726872e-02   9.5400145e-01   1.8835122e-01   4.8147699e-03   4.1624047e-01   4.1880554e-01
   6.6100000e+02   1.6844847e-02   9.5282543e-01   1.7518723e-01   4.3521833e-03   4.0897468e-01   4.2090482e-01
   6.6200000e+02   1.6953828e-02   9.5175281e-01   1.6327600e-01   3.9663191e-03   4.0187134e-01   4.2301461e-01
   6.6300000e+02   1.7059094e-02   9.5073790e-01   1.5249833e-01   3.6394848e-03   3.9492677e-01   4.2513498e-01
   6.6400000e+02   1.7162927e-02   9.4975663e-01   1.4274634e-01   3.3591017e-03   3.8813756e-01   4.2726598e-01
   6.6500000e+02   1.7266356e-02   9.4879512e-01   1.3392242e-01   3.1159619e-03   3.8150047e-01   4.2940766e-01
   6.6600000e+02   1.7369877e-02   9.4784452e-01   1.2593826e-01   2.9031712e-03   3.7501236e-01   4.3156007e-01
   6.6700000e+02   1.7473751e-02   9.4689854e-01   1.1871395e-01   2.7159983e-03   3.6867016e-01   4.3372328e-01
   6.6800000e+02   1.7578137e-02   9.4595278e-01   1.1217717e-01   2.5487170e-03   3.6247091e-01   4.3589732e-01
   6.6900000e+02   1.7683140e-02   9.4500309e-01   1.0626250e-01   2.4000602e-03   3.5641168e-01   4.3808227e-01
   6.7000000e+02   1.7788843e-02   9.4404659e-01   1.0091074e-01   2.2654424e-03   3.5048964e-01   4.4027816e-01
   6.7100000e+02   1.7895313e-02   9.4308026e-01   9.6068324e-02   2.1442407e-03   3.4470199e-01   4.4248507e-01
   6.7200000e+02   1.8002609e-02   9.4210167e-01   9.1686782e-02   2.0341973e-03   3.3904601e-01   4.4470303e-01
   6.7300000e+02   1.8110788e-02   9.4110846e-01   8.7722259e-02   1.9342234e-03   3.3351905e-01   4.4693212e-01
   6.7400000e+02   1.8219901e-02   9.4009849e-01   8.4135070e-02   1.8426327e-03   3.2811849e-01   4.4917237e-01
   6.7500000e+02   1.8329999e-02   9.3906971e-01   8.0889310e-02   1.7582298e-03   3.2284179e-01   4.5142386e-01
   6.7600000e+02   1.8441133e-02   9.3801997e-01   7.7952489e-02   1.6808965e-03   3.1768646e-01   4.5368663e-01
   6.7700000e+02   1.8553353e-02   9.3694731e-01   7.5295209e-02   1.6093869e-03   3.1265006e-01   4.5596074e-01
   6.7800000e+02   1.8666712e-02   9.3584967e-01   7.2890871e-02   1.5433714e-03   3.0773020e-01   4.5824626e-01
   6.7900000e+02   1.8781262e-02   9.3472500e-01   7.0715405e-02   1.4817526e-03   3.0292456e-01   4.6054323e-01
   6.8000000e+02   1.8897058e-02   9.3357113e-01   6.8747034e-02   1.4246808e-03   2.9823086e-01   4.6285171e-01
   6.8100000e+02   1.9014158e-02   9.3238585e-01   6.6966052e-02   1.3714458e-03   2.9364687e-01   4.6517176e-01
   6.8200000e+02   1.9132623e-02   9.3116681e-01   6.5354629e-02   1.3221310e-03   2.8917041e-01   4.6750344e-01
   6.8300000e+02   1.9252518e-02   9.2991162e-01   6.3896631e-02   1.2752782e-03   2.8479936e-01   4.6984682e-01
   6.8400000e+02   1.9373911e-02   9.2861758e-01   6.2577462e-02   1.2316863e-03   2.8053163e-01   4.7220193e-01
   6.8500000e+02   1.9496876e-02   9.2728193e-01   6.1383911e-02   1.1908705e-03   2.7636521e-01   4.7456885e-01
   6.8600000e+02   1.9621494e-02   9.2590163e-01   6.0304028e-02   1.1525746e-03   2.7229809e-01   4.7694764e-01
   6.8700000e+02   1.9747851e-02   9.2447344e-01   5.9326999e-02   1.1161748e-03   2.6832836e-01   4.7933835e-01
   6.8800000e+02   1.9876040e-02   9.2299378e-01   5.8443039e-02   1.0821346e-03   2.6445413e-01   4.8174104e-01
   6.8900000e+02   2.0006164e-02   9.2145876e-01   5.7643293e-02   1.0498316e-03   2.6067354e-01   4.8415578e-01
   6.9000000e+02   2.0138337e-02   9.1986408e-01   5.6919753e-02   1.0198593e-03   2.5698481e-01   4.8658262e-01
   6.9100000e+02   2.0272683e-02   9.1820510e-01   5.6265168e-02   9.9060072e-04   2.5338619e-01   4.8902163e-01
   6.9200000e+02   2.0409339e-02   9.1647647e-01   5.5672982e-02   9.6358601e-04   2.4987598e-01   4.9147286e-01
   6.9300000e+02   2.0548459e-02   9.1467241e-01   5.5137260e-02   9.3749329e-04   2.4645252e-01   4.9393638e-01
   6.9400000e+02   2.0690215e-02   9.1278633e-01   5.4652633e-02   9.1287370e-04   2.4311420e-01   4.9641224e-01
   6.9500000e+02   2.0834799e-02   9.1081083e-01   5.4214244e-02   8.8952414e-04   2.3985946e-01   4.9890052e-01
   6.9600000e+02   2.0982429e-02   9.0873752e-01   5.3817697e-02   8.6772465e-04   2.3668680e-01   5.0140127e-01
   6.9700000e+02   2.1133353e-02   9.0655687e-01   5.3459016e-02   8.4639499e-04   2.3359474e-01   5.0391455e-01
   6.9800000e+02   2.1287853e-02   9.0425789e-01   5.3134604e-02   8.2615850e-04   2.3058189e-01   5.0644044e-01
   6.9900000e+02   2.1446257e-02   9.0182788e-01   5.2841206e-02   8.0700990e-04   2.2764688e-01   5.0897898e-01
   7.0000000e+02   2.1608942e-02   8.9925206e-01   5.2575877e-02   7.8914169e-04   2.2478841e-01   5.1153025e-01
   7.0100000e+02   2.1776349e-02   8.9651317e-01   5.2335954e-02   7.7145336e-04   2.2200524e-01   5.1409430e-01
   7.0200000e+02   2.1948999e-02   8.9359064e-01   5.2119027e-02   7.5493145e-04   2.1929619e-01   5.1667121e-01
   7.0300000e+02   2.2127510e-02   8.9046001e-01   5.1922919e-02   7.3885835e-04   2.1666017e-01   5.1926104e-01
   7.0400000e+02   2.2312626e-02   8.8709167e-01   5.1745658e-02   7.2375413e-04   2.1409613e-01   5.2186384e-01
   7.0500000e+02   2.2505250e-02   8.8344949e-01   5.1585463e-02   7.0938281e-04   2.1160314e-01   5.2447970e-01
   7.0600000e+02   2.2706490e-02   8.7948881e-01   5.1440723e-02   6.9572396e-04   2.0918036e-01   5.2710866e-01
   7.0700000e+02   2.2917731e-02   8.7515358e-01   5.1309984e-02   6.8263758e-04   2.0682705e-01   5.2975081e-01
   7.0800000e+02   2.3140724e-02   8.7037242e-01   5.1191933e-02   6.6971738e-04   2.0454265e-01   5.3240619e-01
   7.0900000e+02   2.3377726e-02   8.6505270e-01   5.1085383e-02   6.5750966e-04   2.0232674e-01   5.3507489e-01
   7.1000000e+02   2.3631699e-02   8.5907196e-01   5.0989268e-02   6.4617713e-04   2.0017912e-01   5.3775696e-01
   7.1100000e+02   2.3906622e-02   8.5226463e-01   5.0902627e-02   6.3538417e-04   1.9809988e-01   5.4045248e-01
   7.1200000e+02   2.4207971e-02   8.4440108e-01   5.0824602e-02   6.2459188e-04   1.9608950e-01   5.4316151e-01
   7.1300000e+02   2.4543507e-02   8.3515361e-01   5.0754426e-02   6.1449554e-04   1.9414894e-01   5.4588412e-01
   7.1400000e+02   2.4924602e-02   8.2403922e-01   5.0691426e-02   6.0502070e-04   1.9227995e-01   5.4862037e-01
   7.1500000e+02   2.5368573e-02   8.1031915e-01   5.0635021e-02   5.9607712e-04   1.9048534e-01   5.5137035e-01
   7.1600000e+02   2.5903024e-02   7.9281499e-01   5.0584733e-02   5.8742090e-04   1.8876967e-01   5.5413410e-01
   7.1700000e+02   2.6574378e-02   7.6955553e-01   5.0540214e-02   5.7948503e-04   1.8714031e-01   5.5691171e-01
   7.1800000e+02   2.7465884e-02   7.3706429e-01   5.0501307e-02   5.7195687e-04   1.8560955e-01   5.5970324e-01
   7.1900000e+02   2.8738953e-02   6.8884718e-01   5.0468205e-02   5.6517938e-04   1.8419892e-01   5.6250877e-01
   7.2000000e+02   3.0738406e-02   6.1204383e-01   5.0441901e-02   5.5916021e-04   1.8294894e-01   5.6532835e-01
   7.2100000e+02   3.4297820e-02   4.8004194e-01   5.0425757e-02   5.5436945e-04   1.8194362e-01   5.6816207e-01
   7.2200000e+02   4.1738892e-02   2.4387422e-01   5.0433004e-02   5.5176051e-04   1.8138181e-01   5.7101000e-01
   7.2300000e+02   5.7402499e-02   3.9554952e-02   5.0534763e-02   5.5344310e-04   1.8175529e-01   5.7387220e-01
   7.2400000e+02   7.5792639e-02   2.3252762e-02   5.0967072e-02   5.6217938e-04   1.8354953e-01   5.7674874e-01
   7.2500000e+02   9.3867897e-02   1.6783244e-02   5.2121545e-02   5.7844473e-04   1.8676440e-01   5.7963971e-01
   7.2600000e+02   1.1148235e-01   1.3226171e-02   5.4550401e-02   6.0139305e-04   1.9131602e-01   5.8254516e-01
   7.2700000e+02   1.2859848e-01   1.0974743e-02   5.8946952e-02   6.3238164e-04   1.9711021e-01   5.8546518e-01
   7.2800000e+02   1.4520936e-01   9.4224468e-03   6.6096281e-02   6.7153511e-04   2.0404847e-01   5.8839984e-01
   7.2900000e+02   1.6132019e-01   8.2882035e-03   7.6807059e-02   7.1964072e-04   2.1203076e-01   5.9134921e-01
   7.3000000e+02   1.7694172e-01   7.4239833e-03   9.1833618e-02   7.7582956e-04   2.2095714e-01   5.9431336e-01
   7.3100000e+02   1.9208747e-01   6.7441020e-03   1.1179998e-01   8.4175817e-04   2.3072895e-01   5.9729237e-01
   7.3200000e+02   2.0677227e-01   6.1955562e-03   1.3713787e-01   9.1812628e-04   2.4124975e-01   6.0028631e-01
   7.3300000e+02   2.2101156e-01   5.7444301e-03   1.6804817e-01   1.0058514e-03   2.5242604e-01   6.0329525e-01
   7.3400000e+02   2.3482094e-01   5.3668871e-03   2.0448997e-01   1.1066536e-03   2.6416784e-01   6.0631928e-01
   7.3500000e+02   2.4821590e-01   5.0469962e-03   2.4619612e-01   1.2224119e-03   2.7638911e-01   6.0935847e-01
   7.3600000e+02   2.6121172e-01   4.7718187e-03   2.9270902e-01   1.3556138e-03   2.8900813e-01   6.1241289e-01
   7.3700000e+02   2.7382330e-01   4.5355663e-03   3.4342854e-01   1.5094215e-03   3.0194773e-01   6.1548263e-01
   7.3800000e+02   2.8606513e-01   4.3286560e-03   3.9766360e-01   1.6878889e-03   3.1513547e-01   6.1856775e-01
   7.3900000e+02   2.9795125e-01   4.1474954e-03   4.5468066e-01   1.8962792e-03   3.2850376e-01   6.2166833e-01
   7.4000000e+02   3.0949518e-01   3.9878280e-03   5.1374499e-01   2.1415320e-03   3.4198985e-01   6.2478445e-01
   7.4100000e+02   3.2070994e-01   3.8471660e-03   5.7415254e-01   2.4329662e-03   3.5553587e-01   6.2791620e-01
   7.4200000e+02   3.3160796e-01   3.7223434e-03   6.3525230e-01   2.7833622e-03   3.6908872e-01   6.3106364e-01
   7.4300000e+02   3.4220106e-01   3.6127572e-03   6.9646020e-01   3.2106774e-03   3.8259999e-01   6.3422686e-01
   7.4400000e+02   3.5250041e-01   3.5181811e-03   7.5726596e-01   3.7408539e-03   3.9602582e-01   6.3740594e-01
   7.4500000e+02   3.6251636e-01   3.4360596e-03   8.1723453e-01   4.4125710e-03   4.0932673e-01   6.4060095e-01
   7.4600000e+02   3.7225832e-01   3.3694919e-03   8.7600383e-01   5.2855704e-03   4.2246740e-01   6.4381197e-01
   7.4700000e+02   3.8173438e-01   3.3168809e-03   9.3327988e-01   6.4556864e-03   4.3541648e-01   6.4703909e-01
   7.4800000e+02   3.9095082e-01   3.2852665e-03   9.8883043e-01   8.0824142e-03   4.4814630e-01   6.5028239e-01
   7.4900000e+02   3.9991104e-01   3.2832281e-03   1.0424777e+00   1.0438469e-02   4.6063261e-01   6.5354195e-01
   7.5000000e+02   4.0861375e-01   3.3185606e-03   1.0940909e+00   1.3990072e-02   4.7285419e-01   6.5681784e-01
   7.5100000e+02   4.1705008e-01   3.4154758e-03   1.1435781e+00   1.9492165e-02   4.8479242e-01   6.6011015e-01
   7.5200000e+02   4.2519964e-01   3.6032995e-03   1.1908787e+00   2.8012678e-02   4.9643070e-01   6.6341897e-01
   7.5300000e+02   4.3302726e-01   3.9201686e-03   1.2359556e+00   4.0758400e-02   5.0775375e-01   6.6674437e-01
   7.5400000e+02   4.4048265e-01   4.3922749e-03   1.2787889e+00   5.8735479e-02   5.1874693e-01   6.7008644e-01
   7.5500000e+02   4.4750354e-01   5.0431418e-03   1.3193705e+00   8.2493779e-02   5.2939575e-01   6.7344526e-01
   7.5600000e+02   4.5402016e-01   5.8834612e-03   1.3577019e+00   1.1210389e-01   5.3968562e-01   6.7682092e-01
   7.5700000e+02   4.5995889e-01   6.9247481e-03   1.3937915e+00   1.4728051e-01   5.4960181e-01   6.8021350e-01
   7.5800000e+02   4.6524420e-01   8.1716126e-03   1.4276535e+00   1.8752385e-01   5.5912957e-01   6.8362308e-01
   7.5900000e+02   4.6979920e-01   9.6328171e-03   1.4593064e+00   2.3222451e-01   5.6825425e-01   6.8704976e-01
   7.6000000e+02   4.7354513e-01   1.1325490e-02   1.4887704e+00   2.8072910e-01   5.7696137e-01   6.9049361e-01
   7.6100000e+02   4.7640012e-01   1.3265270e-02   1.5160656e+00   3.3237821e-01   5.8523663e-01   6.9395472e-01
   7.6200000e+02   4.7827733e-01   1.5488830e-02   1.5412080e+00   3.8652722e-01   5.9306583e-01   6.9743319e-01
   7.6300000e+02   4.7908212e-01   1.8032252e-02   1.5642059e+00   4.4255706e-01   6.0043466e-01   7.0092908e-01
   7.6400000e+02   4.7870822e-01   2.0953573e-02   1.5850549e+00   4.9987894e-01   6.0732832e-01   7.0444251e-01
   7.6500000e+02   4.7703202e-01   2.4337548e-02   1.6037306e+00   5.5793551e-01   6.1373107e-01   7.0797354e-01
   7.6600000e+02   4.7390394e-01   2.8311698e-02   1.6201796e+00   6.1619953e-01   6.1962538e-01   7.1152227e-01
   7.6700000e+02   4.6913443e-01   3.3044913e-02   1.6343050e+00   6.7417081e-01   6.2499082e-01   7.1508879e-01
   7.6800000e+02   4.6247072e-01   3.8830044e-02   1.6459442e+00   7.3137133e-01   6.2980233e-01   7.1867319e-01
   7.6900000e+02   4.5355404e-01   4.6195372e-02   1.6548316e+00   7.8733826e-01   6.3402739e-01   7.2227555e-01
   7.7000000e+02   4.4183321e-01   5.6023927e-02   1.6605289e+00   8.4161379e-01   6.3762124e-01   7.2589597e-01
   7.7100000e+02   4.2636725e-01   7.0286494e-02   1.6622844e+00   8.9372910e-01   6.4051762e-01   7.2953454e-01
   7.7200000e+02   4.0526762e-01   9.4249057e-02   1.6586910e+00   9.4317589e-01   6.4260803e-01   7.3319135e-01
   7.7300000e+02   3.7347910e-01   1.4933219e-01   1.6466121e+00   9.8934459e-01   6.4368129e-01   7.3686649e-01
   7.7400000e+02   3.0597693e-01   4.3859926e-01   1.6152430e+00   1.0313275e+00   6.4312668e-01   7.4056004e-01
   7.7500000e+02   1.4901391e-01   9.6942830e-01   1.5152539e+00   1.0668491e+00   6.3842596e-01   7.4427212e-01
   7.7600000e+02   7.2276318e-02   9.8957061e-01   1.3792127e+00   1.0917262e+00   6.2955433e-01   7.4800280e-01
   7.7700000e+02   4.4446088e-02   9.9431055e-01   1.2529774e+00   1.1037449e+00   6.1916732e-01   3.7587609e-01
   7.7800000e+02   2.5149223e-02   9.9704201e-01   1.1385317e+00   1.0999252e+00   6.0817238e-01   3.7776018e-01
   7.7900000e+02   1.8334777e-02   9.9794408e-01   1.0349491e+00   1.0295712e+00   5.9696129e-01   3.7965371e-01
   7.8000000e+02   1.5967150e-02   9.9875185e-01   9.4122075e-01   9.3514142e-01   5.8582580e-01   3.8155673e-01
   7.8100000e+02   1.5177471e-02   9.9787514e-01   8.5641124e-01   8.4944411e-01   5.7486955e-01   3.8346929e-01
   7.8200000e+02   1.4943865e-02   9.9761296e-01   7.7967226e-01   7.7155806e-01   5.6412719e-01   3.8539144e-01
   7.8300000e+02   1.4910671e-02   9.9735350e-01   7.1023593e-01   7.0059934e-01   5.5360835e-01   3.8732322e-01
   7.8400000e+02   1.4949522e-02   9.9803107e-01   6.4740734e-01   6.3568861e-01   5.4331353e-01   3.8926469e-01
   7.8500000e+02   1.5018997e-02   9.9695626e-01   5.9055770e-01   5.7590453e-01   5.3324020e-01   3.9121588e-01
   7.8600000e+02   1.5094798e-02   9.9711467e-01   5.3911804e-01   5.2022888e-01   5.2338455e-01   3.9317686e-01
   7.8700000e+02   1.5172084e-02   9.9911256e-01   4.9257354e-01   4.6751050e-01   5.1374222e-01   3.9514767e-01
   7.8800000e+02   1.5253711e-02   9.9579056e-01   4.5045836e-01   4.1650118e-01   5.0430899e-01   3.9712835e-01
   7.8900000e+02   1.5338171e-02   9.9585918e-01   4.1235099e-01   3.6599398e-01   4.9508072e-01   3.9911897e-01
   7.9000000e+02   1.5421643e-02   9.9526571e-01   3.7787005e-01   3.1500466e-01   4.8605324e-01   4.0111956e-01
   7.9100000e+02   1.5510156e-02   9.9336049e-01   3.4667044e-01   2.6288978e-01   4.7722249e-01   4.0313018e-01
   7.9200000e+02   1.5606542e-02   9.9202477e-01   3.1843989e-01   2.0936790e-01   4.6858482e-01   4.0515088e-01
   7.9300000e+02   1.5709720e-02   9.8980083e-01   2.9289587e-01   1.5451078e-01   4.6013660e-01   4.0718171e-01
   7.9400000e+02   1.5830394e-02   9.8558996e-01   2.6978272e-01   9.8863717e-02   4.5187462e-01   4.0922271e-01
   7.9500000e+02   1.5987170e-02   9.7715694e-01   2.4886913e-01   4.4436367e-02   4.4379642e-01   4.1127395e-01
   7.9600000e+02   1.6231720e-02   9.6075343e-01   2.2994581e-01   7.6264872e-03   4.3590164e-01   4.1333547e-01
   7.9700000e+02   1.6478573e-02   9.5638983e-01   2.1282339e-01   5.7820486e-03   4.2819043e-01   4.1540732e-01
   7.9800000e+02   1.6644113e-02   9.5480799e-01   1.9733047e-01   5.1379736e-03   4.2065579e-01   4.1748956e-01
   7.9900000e+02   1.6772871e-02   9.5352998e-01   1.8331195e-01   4.6179359e-03   4.1329089e-01   4.1958223e-01
