0 -28.1171 -28.1171 2 1 0
0.010171 -28.1558 -28.1558 1 1 0
0.0177185 -28.1848 -28.1848 1 1 0
0.0291421 -28.2284 -28.2284 1 1 0
0.0419794 -28.2767 -28.2767 1 1 0
0.0549691 -28.325 -28.325 1 1 0
0.0681118 -28.3732 -28.3732 1 1 0
0.0814078 -28.4214 -28.4214 1 1 0
0.0948575 -28.4695 -28.4695 1 1 0
0.108461 -28.5176 -28.5176 1 1 0
0.122219 -28.5657 -28.5657 1 1 0
0.13613 -28.6137 -28.6137 1 1 0
0.150196 -28.6617 -28.6617 1 1 0
0.164416 -28.7096 -28.7096 1 1 0
0.17879 -28.7575 -28.7575 1 1 0
0.182545 -28.7699 -28.7699 2 1 0
0.197113 -28.8178 -28.8178 2 1 0
0.211833 -28.8655 -28.8655 2 1 0
0.226706 -28.9133 -28.9133 2 1 0
0.241732 -28.9609 -28.9609 2 1 0
0.256909 -29.0086 -29.0086 2 1 0
0.272238 -29.0562 -29.0562 2 1 0
0.287716 -29.1037 -29.1037 2 1 0
0.303343 -29.1512 -29.1512 2 1 0
0.319119 -29.1986 -29.1986 2 1 0
0.335041 -29.246 -29.246 2 1 0
0.351109 -29.2934 -29.2934 2 1 0
0.367322 -29.3407 -29.3407 2 1 0
0.383677 -29.3879 -29.3879 2 1 0
0.400173 -29.4351 -29.4351 2 1 0
0.416809 -29.4822 -29.4822 2 1 0
0.433583 -29.5293 -29.5293 2 1 0
0.450492 -29.5764 -29.5764 2 1 0
0.467535 -29.6234 -29.6234 2 1 0
0.484709 -29.6703 -29.6703 2 1 0
0.502013 -29.7173 -29.7173 2 1 0
0.519443 -29.7641 -29.7641 2 1 0
0.536996 -29.8109 -29.8109 2 1 0
0.554671 -29.8577 -29.8577 2 1 0
0.572465 -29.9044 -29.9044 2 1 0
0.590373 -29.9511 -29.9511 2 1 0
0.608394 -29.9977 -29.9977 2 1 0
0.626524 -30.0443 -30.0443 2 1 0
0.644759 -30.0909 -30.0909 2 1 0
0.663097 -30.1374 -30.1374 2 1 0
0.681532 -30.1838 -30.1838 2 1 0
0.700062 -30.2303 -30.2303 2 1 0
0.718682 -30.2767 -30.2767 2 1 0
0.737389 -30.323 -30.323 2 1 0
0.756177 -30.3694 -30.3694 2 1 0
0.775043 -30.4157 -30.4157 2 1 0
0.793982 -30.4619 -30.4619 2 1 0
0.812989 -30.5082 -30.5082 2 1 0
0.83206 -30.5544 -30.5544 2 1 0
0.851189 -30.6006 -30.6006 2 1 0
0.870371 -30.6468 -30.6468 2 1 0
0.889601 -30.6929 -30.6929 2 1 0
0.908873 -30.739 -30.739 2 1 0
0.928182 -30.7852 -30.7852 2 1 0
0.947522 -30.8313 -30.8313 2 1 0
0.966886 -30.8773 -30.8773 2 1 0
0.986269 -30.9234 -30.9234 2 1 0
1.00566 -30.9695 -30.9695 2 1 0
1.02507 -31.0156 -31.0156 2 1 0
1.04447 -31.0617 -31.0617 2 1 0
1.06386 -31.1077 -31.1077 2 1 0
1.08324 -31.1538 -31.1538 2 1 0
1.1026 -31.1999 -31.1999 2 1 0
1.12193 -31.246 -31.246 2 1 0
1.14122 -31.2922 -31.2922 2 1 0
1.16047 -31.3383 -31.3383 2 1 0
1.17966 -31.3845 -31.3845 2 1 0
1.1988 -31.4307 -31.4307 2 1 0
1.21787 -31.4769 -31.4769 2 1 0
1.23686 -31.5231 -31.5231 2 1 0
1.25577 -31.5694 -31.5694 2 1 0
1.27458 -31.6157 -31.6157 2 1 0
1.29329 -31.6621 -31.6621 2 1 0
1.31189 -31.7085 -31.7085 2 1 0
1.33037 -31.7549 -31.7549 2 1 0
1.34872 -31.8014 -31.8014 2 1 0
1.36693 -31.848 -31.848 2 1 0
1.385 -31.8946 -31.8946 2 1 0
1.4029 -31.9413 -31.9413 2 1 0
1.42063 -31.988 -31.988 2 1 0
1.43819 -32.0349 -32.0349 2 1 0
1.45555 -32.0817 -32.0817 2 1 0
1.47272 -32.1287 -32.1287 2 1 0
1.48967 -32.1757 -32.1757 2 1 0
1.50641 -32.2228 -32.2228 2 1 0
1.52291 -32.27 -32.27 2 1 0
1.53917 -32.3173 -32.3173 2 1 0
1.55518 -32.3647 -32.3647 2 1 0
1.57093 -32.4121 -32.4121 2 1 0
1.5864 -32.4597 -32.4597 2 1 0
1.60158 -32.5073 -32.5073 2 1 0
1.61647 -32.555 -32.555 2 1 0
1.63105 -32.6028 -32.6028 2 1 0
1.64531 -32.6508 -32.6508 2 1 0
1.65925 -32.6988 -32.6988 2 1 0
1.67284 -32.7469 -32.7469 2 1 0
1.68609 -32.7951 -32.7951 2 1 0
1.69897 -32.8434 -32.8434 2 1 0
1.71149 -32.8918 -32.8918 2 1 0
1.72362 -32.9403 -32.9403 2 1 0
1.73536 -32.9889 -32.9889 2 1 0
1.74671 -33.0376 -33.0376 2 1 0
1.75765 -33.0864 -33.0864 2 1 0
1.76817 -33.1353 -33.1353 2 1 0
1.77827 -33.1842 -33.1842 2 1 0
1.78794 -33.2333 -33.2333 2 1 0
1.79717 -33.2824 -33.2824 2 1 0
1.80595 -33.3316 -33.3316 2 1 0
1.81428 -33.3809 -33.3809 2 1 0
1.82216 -33.4303 -33.4303 2 1 0
1.82957 -33.4797 -33.4797 2 1 0
1.83652 -33.5292 -33.5292 2 1 0
1.84299 -33.5788 -33.5788 2 1 0
1.849 -33.6285 -33.6285 2 1 0
1.85453 -33.6781 -33.6781 2 1 0
1.85958 -33.7279 -33.7279 2 1 0
1.86415 -33.7777 -33.7777 2 1 0
1.86825 -33.8275 -33.8275 2 1 0
1.87187 -33.8774 -33.8774 2 1 0
1.87502 -33.9272 -33.9272 2 1 0
1.87769 -33.9772 -33.9772 2 1 0
1.87989 -34.0271 -34.0271 2 1 0
1.88163 -34.0771 -34.0771 2 1 0
1.88289 -34.1271 -34.1271 2 1 0
1.8837 -34.1771 -34.1771 2 1 0
1.88406 -34.227 -34.227 2 1 0
1.88408 -34.2417 -34.2417 2 1 0
1.88386 -34.2917 -34.2917 2 1 0
1.88319 -34.3417 -34.3417 2 1 0
1.8821 -34.3917 -34.3917 2 1 0
1.88057 -34.4416 -34.4416 2 1 0
1.87863 -34.4916 -34.4916 2 1 0
1.87628 -34.5415 -34.5415 2 1 0
1.87353 -34.5915 -34.5915 2 1 0
1.87038 -34.6414 -34.6414 2 1 0
1.86686 -34.6912 -34.6912 2 1 0
1.86295 -34.7411 -34.7411 2 1 0
1.85869 -34.7909 -34.7909 2 1 0
1.85406 -34.8407 -34.8407 2 1 0
1.8491 -34.8904 -34.8904 2 1 0
1.84379 -34.9401 -34.9401 2 1 0
1.83817 -34.9898 -34.9898 2 1 0
1.83223 -35.0394 -35.0394 2 1 0
1.82598 -35.089 -35.089 2 1 0
1.81944 -35.1386 -35.1386 2 1 0
1.81262 -35.1881 -35.1881 2 1 0
1.80553 -35.2376 -35.2376 2 1 0
1.79817 -35.2871 -35.2871 2 1 0
1.79055 -35.3365 -35.3365 2 1 0
1.7827 -35.3859 -35.3859 2 1 0
1.77461 -35.4352 -35.4352 2 1 0
1.7663 -35.4845 -35.4845 2 1 0
1.75777 -35.5338 -35.5338 2 1 0
1.74904 -35.583 -35.583 2 1 0
1.74011 -35.6322 -35.6322 2 1 0
1.731 -35.6813 -35.6813 2 1 0
1.72171 -35.7305 -35.7305 2 1 0
1.71226 -35.7796 -35.7796 2 1 0
1.70264 -35.8286 -35.8286 2 1 0
1.69288 -35.8777 -35.8777 2 1 0
1.68297 -35.9267 -35.9267 2 1 0
1.67292 -35.9756 -35.9756 2 1 0
1.66275 -36.0246 -36.0246 2 1 0
1.65247 -36.0735 -36.0735 2 1 0
1.64207 -36.1224 -36.1224 2 1 0
1.63156 -36.1713 -36.1713 2 1 0
1.62096 -36.2202 -36.2202 2 1 0
1.61027 -36.269 -36.269 2 1 0
1.5995 -36.3178 -36.3178 2 1 0
1.58865 -36.3666 -36.3666 2 1 0
1.57774 -36.4154 -36.4154 2 1 0
1.56676 -36.4642 -36.4642 2 1 0
1.55572 -36.5129 -36.5129 2 1 0
1.54463 -36.5617 -36.5617 2 1 0
1.53349 -36.6104 -36.6104 2 1 0
1.52231 -36.6592 -36.6592 2 1 0
1.5111 -36.7079 -36.7079 2 1 0
1.49986 -36.7566 -36.7566 2 1 0
1.48859 -36.8053 -36.8053 2 1 0
1.47731 -36.854 -36.854 2 1 0
1.46601 -36.9027 -36.9027 2 1 0
1.45469 -36.9514 -36.9514 2 1 0
1.44338 -37.0001 -37.0001 2 1 0
1.43205 -37.0488 -37.0488 2 1 0
1.42073 -37.0975 -37.0975 2 1 0
1.40942 -37.1462 -37.1462 2 1 0
1.39812 -37.1949 -37.1949 2 1 0
1.38683 -37.2436 -37.2436 2 1 0
1.37555 -37.2923 -37.2923 2 1 0
1.3643 -37.341 -37.341 2 1 0
1.35307 -37.3898 -37.3898 2 1 0
1.34186 -37.4385 -37.4385 2 1 0
1.33069 -37.4872 -37.4872 2 1 0
1.31954 -37.536 -37.536 2 1 0
1.30843 -37.5847 -37.5847 2 1 0
1.29736 -37.6335 -37.6335 2 1 0
1.28633 -37.6822 -37.6822 2 1 0
1.27535 -37.731 -37.731 2 1 0
1.2644 -37.7798 -37.7798 2 1 0
1.25351 -37.8286 -37.8286 2 1 0
1.24266 -37.8774 -37.8774 2 1 0
1.23186 -37.9262 -37.9262 2 1 0
1.22112 -37.975 -37.975 2 1 0
1.21043 -38.0239 -38.0239 2 1 0
1.1998 -38.0727 -38.0727 2 1 0
1.18923 -38.1216 -38.1216 2 1 0
1.17872 -38.1705 -38.1705 2 1 0
1.16827 -38.2194 -38.2194 2 1 0
1.15788 -38.2683 -38.2683 2 1 0
1.14755 -38.3172 -38.3172 2 1 0
1.13729 -38.3661 -38.3661 2 1 0
1.1271 -38.4151 -38.4151 2 1 0
1.11697 -38.464 -38.464 2 1 0
1.10692 -38.513 -38.513 2 1 0
1.09693 -38.562 -38.562 2 1 0
1.08701 -38.611 -38.611 2 1 0
1.07717 -38.66 -38.66 2 1 0
1.06739 -38.709 -38.709 2 1 0
1.05769 -38.7581 -38.7581 2 1 0
1.04807 -38.8071 -38.8071 2 1 0
1.03852 -38.8562 -38.8562 2 1 0
1.02904 -38.9053 -38.9053 2 1 0
1.01963 -38.9544 -38.9544 2 1 0
1.01031 -39.0035 -39.0035 2 1 0
1.00106 -39.0527 -39.0527 2 1 0
0.991882 -39.1018 -39.1018 2 1 0
0.982784 -39.151 -39.151 2 1 0
0.973764 -39.2001 -39.2001 2 1 0
0.964821 -39.2493 -39.2493 2 1 0
0.955955 -39.2985 -39.2985 2 1 0
0.947167 -39.3478 -39.3478 2 1 0
0.938458 -39.397 -39.397 2 1 0
0.929826 -39.4462 -39.4462 2 1 0
0.921272 -39.4955 -39.4955 2 1 0
0.912796 -39.5448 -39.5448 2 1 0
0.904399 -39.5941 -39.5941 2 1 0
0.89608 -39.6434 -39.6434 2 1 0
0.887838 -39.6927 -39.6927 2 1 0
0.879675 -39.742 -39.742 2 1 0
0.871589 -39.7913 -39.7913 2 1 0
0.863582 -39.8407 -39.8407 2 1 0
0.855652 -39.89 -39.89 2 1 0
0.847799 -39.9394 -39.9394 2 1 0
0.840024 -39.9888 -39.9888 2 1 0
0.832326 -40.0382 -40.0382 2 1 0
0.824704 -40.0876 -40.0876 2 1 0
0.81716 -40.137 -40.137 2 1 0
0.809691 -40.1865 -40.1865 2 1 0
0.802299 -40.2359 -40.2359 2 1 0
0.794982 -40.2854 -40.2854 2 1 0
0.787741 -40.3349 -40.3349 2 1 0
0.780575 -40.3843 -40.3843 2 1 0
0.773484 -40.4338 -40.4338 2 1 0
0.766467 -40.4833 -40.4833 2 1 0
0.759524 -40.5328 -40.5328 2 1 0
0.752655 -40.5824 -40.5824 2 1 0
0.745859 -40.6319 -40.6319 2 1 0
0.739136 -40.6814 -40.6814 2 1 0
0.732486 -40.731 -40.731 2 1 0
0.725907 -40.7806 -40.7806 2 1 0
0.719401 -40.8301 -40.8301 2 1 0
0.712966 -40.8797 -40.8797 2 1 0
0.706601 -40.9293 -40.9293 2 1 0
0.700307 -40.9789 -40.9789 2 1 0
0.694083 -41.0285 -41.0285 2 1 0
0.687928 -41.0781 -41.0781 2 1 0
0.681842 -41.1277 -41.1277 2 1 0
0.675825 -41.1774 -41.1774 2 1 0
0.669876 -41.227 -41.227 2 1 0
0.663995 -41.2767 -41.2767 2 1 0
0.658181 -41.3263 -41.3263 2 1 0
0.652434 -41.376 -41.376 2 1 0
0.646752 -41.4257 -41.4257 2 1 0
0.641137 -41.4754 -41.4754 2 1 0
0.635587 -41.525 -41.525 2 1 0
0.630102 -41.5747 -41.5747 2 1 0
0.62468 -41.6244 -41.6244 2 1 0
0.619323 -41.6741 -41.6741 2 1 0
0.614029 -41.7239 -41.7239 2 1 0
0.608798 -41.7736 -41.7736 2 1 0
0.60363 -41.8233 -41.8233 2 1 0
0.598523 -41.8731 -41.8731 2 1 0
0.593478 -41.9228 -41.9228 2 1 0
0.588493 -41.9725 -41.9725 2 1 0
0.583569 -42.0223 -42.0223 2 1 0
0.578705 -42.0721 -42.0721 2 1 0
0.573901 -42.1218 -42.1218 2 1 0
0.569155 -42.1716 -42.1716 2 1 0
0.564468 -42.2214 -42.2214 2 1 0
0.559839 -42.2712 -42.2712 2 1 0
0.555268 -42.3209 -42.3209 2 1 0
0.550754 -42.3707 -42.3707 2 1 0
0.546296 -42.4205 -42.4205 2 1 0
0.541895 -42.4703 -42.4703 2 1 0
0.537549 -42.5201 -42.5201 2 1 0
0.533258 -42.57 -42.57 2 1 0
0.529023 -42.6198 -42.6198 2 1 0
0.524841 -42.6696 -42.6696 2 1 0
0.520714 -42.7194 -42.7194 2 1 0
0.51664 -42.7693 -42.7693 2 1 0
0.512619 -42.8191 -42.8191 2 1 0
0.50865 -42.8689 -42.8689 2 1 0
0.504734 -42.9188 -42.9188 2 1 0
0.500869 -42.9686 -42.9686 2 1 0
0.497055 -43.0185 -43.0185 2 1 0
0.493292 -43.0683 -43.0683 2 1 0
0.48958 -43.1182 -43.1182 2 1 0
0.485917 -43.1681 -43.1681 2 1 0
0.482304 -43.2179 -43.2179 2 1 0
0.47874 -43.2678 -43.2678 2 1 0
0.475225 -43.3177 -43.3177 2 1 0
0.471758 -43.3675 -43.3675 2 1 0
0.468339 -43.4174 -43.4174 2 1 0
0.464968 -43.4673 -43.4673 2 1 0
0.461643 -43.5172 -43.5172 2 1 0
0.458365 -43.5671 -43.5671 2 1 0
0.455133 -43.617 -43.617 2 1 0
0.451948 -43.6669 -43.6669 2 1 0
0.448807 -43.7168 -43.7168 2 1 0
0.445712 -43.7667 -43.7667 2 1 0
0.442662 -43.8166 -43.8166 2 1 0
0.439656 -43.8665 -43.8665 2 1 0
0.436694 -43.9164 -43.9164 2 1 0
0.433776 -43.9663 -43.9663 2 1 0
0.430901 -44.0162 -44.0162 2 1 0
0.428069 -44.0661 -44.0661 2 1 0
0.425279 -44.1161 -44.1161 2 1 0
0.422532 -44.166 -44.166 2 1 0
0.419826 -44.2159 -44.2159 2 1 0
0.417162 -44.2658 -44.2658 2 1 0
0.41454 -44.3158 -44.3158 2 1 0
0.411958 -44.3657 -44.3657 2 1 0
0.409417 -44.4156 -44.4156 2 1 0
0.406916 -44.4656 -44.4656 2 1 0
0.404454 -44.5155 -44.5155 2 1 0
0.402033 -44.5654 -44.5654 2 1 0
0.399651 -44.6154 -44.6154 2 1 0
0.397307 -44.6653 -44.6653 2 1 0
0.395002 -44.7153 -44.7153 2 1 0
0.392736 -44.7652 -44.7652 2 1 0
0.390508 -44.8152 -44.8152 2 1 0
0.388317 -44.8651 -44.8651 2 1 0
0.386164 -44.9151 -44.9151 2 1 0
0.384048 -44.965 -44.965 2 1 0
0.381969 -45.015 -45.015 2 1 0
0.379927 -45.0649 -45.0649 2 1 0
0.37792 -45.1149 -45.1149 2 1 0
0.37595 -45.1648 -45.1648 2 1 0
0.374016 -45.2148 -45.2148 2 1 0
0.372117 -45.2648 -45.2648 2 1 0
0.370254 -45.3147 -45.3147 2 1 0
0.368425 -45.3647 -45.3647 2 1 0
0.366632 -45.4147 -45.4147 2 1 0
0.364872 -45.4646 -45.4646 2 1 0
0.363147 -45.5146 -45.5146 2 1 0
0.361456 -45.5646 -45.5646 2 1 0
0.359799 -45.6145 -45.6145 2 1 0
0.358175 -45.6645 -45.6645 2 1 0
0.356585 -45.7145 -45.7145 2 1 0
0.355028 -45.7644 -45.7644 2 1 0
0.353503 -45.8144 -45.8144 2 1 0
0.352011 -45.8644 -45.8644 2 1 0
0.350552 -45.9144 -45.9144 2 1 0
0.349125 -45.9644 -45.9644 2 1 0
0.347729 -46.0143 -46.0143 2 1 0
0.346366 -46.0643 -46.0643 2 1 0
0.345034 -46.1143 -46.1143 2 1 0
0.343733 -46.1643 -46.1643 2 1 0
0.342463 -46.2143 -46.2143 2 1 0
0.341225 -46.2642 -46.2642 2 1 0
0.340017 -46.3142 -46.3142 2 1 0
0.33884 -46.3642 -46.3642 2 1 0
0.337693 -46.4142 -46.4142 2 1 0
0.336576 -46.4642 -46.4642 2 1 0
0.335489 -46.5142 -46.5142 2 1 0
0.334432 -46.5642 -46.5642 2 1 0
0.333405 -46.6141 -46.6141 2 1 0
0.332408 -46.6641 -46.6641 2 1 0
0.331439 -46.7141 -46.7141 2 1 0
0.3305 -46.7641 -46.7641 2 1 0
0.32959 -46.8141 -46.8141 2 1 0
0.328708 -46.8641 -46.8641 2 1 0
0.327855 -46.9141 -46.9141 2 1 0
0.327031 -46.9641 -46.9641 2 1 0
0.326235 -47.0141 -47.0141 2 1 0
0.325467 -47.0641 -47.0641 2 1 0
0.324728 -47.114 -47.114 2 1 0
0.324016 -47.164 -47.164 2 1 0
0.323332 -47.214 -47.214 2 1 0
0.322676 -47.264 -47.264 2 1 0
0.322047 -47.314 -47.314 2 1 0
0.321446 -47.364 -47.364 2 1 0
0.320872 -47.414 -47.414 2 1 0
0.320325 -47.464 -47.464 2 1 0
0.319805 -47.514 -47.514 2 1 0
0.319312 -47.564 -47.564 2 1 0
0.318846 -47.614 -47.614 2 1 0
0.318407 -47.664 -47.664 2 1 0
0.317994 -47.714 -47.714 2 1 0
0.317607 -47.764 -47.764 2 1 0
0.317247 -47.814 -47.814 2 1 0
0.316913 -47.864 -47.864 2 1 0
0.316606 -47.914 -47.914 2 1 0
0.316324 -47.964 -47.964 2 1 0
0.316068 -48.014 -48.014 2 1 0
0.315839 -48.064 -48.064 2 1 0
0.315635 -48.114 -48.114 2 1 0
0.315456 -48.164 -48.164 2 1 0
0.315303 -48.214 -48.214 2 1 0
0.315176 -48.264 -48.264 2 1 0
0.315075 -48.314 -48.314 2 1 0
0.314998 -48.364 -48.364 2 1 0
0.314947 -48.414 -48.414 2 1 0
0.314921 -48.464 -48.464 2 1 0
0.314918 -48.4902 -48.4902 1 1 0
0.31493 -48.5402 -48.5402 1 1 0
0.314968 -48.5902 -48.5902 1 1 0
0.315031 -48.6402 -48.6402 1 1 0
0.315118 -48.6902 -48.6902 1 1 0
0.315231 -48.7402 -48.7402 1 1 0
0.315368 -48.7902 -48.7902 1 1 0
0.315531 -48.8402 -48.8402 1 1 0
0.315718 -48.8902 -48.8902 1 1 0
0.315929 -48.9402 -48.9402 1 1 0
0.316166 -48.9902 -48.9902 1 1 0
0.316427 -49.0402 -49.0402 1 1 0
0.316713 -49.0902 -49.0902 1 1 0
0.317023 -49.1402 -49.1402 1 1 0
0.317358 -49.1902 -49.1902 1 1 0
0.317717 -49.2402 -49.2402 1 1 0
0.318101 -49.2902 -49.2902 1 1 0
0.318509 -49.3402 -49.3402 1 1 0
0.318942 -49.3902 -49.3902 1 1 0
0.319399 -49.4401 -49.4401 1 1 0
0.319881 -49.4901 -49.4901 1 1 0
0.320387 -49.5401 -49.5401 1 1 0
0.320918 -49.5901 -49.5901 1 1 0
0.321473 -49.6401 -49.6401 1 1 0
0.322052 -49.6901 -49.6901 1 1 0
0.322656 -49.7401 -49.7401 1 1 0
0.323284 -49.7901 -49.7901 1 1 0
0.323937 -49.8401 -49.8401 1 1 0
0.324614 -49.8901 -49.8901 1 1 0
0.325315 -49.9401 -49.9401 1 1 0
0.326042 -49.9901 -49.9901 1 1 0
0.326792 -50.0401 -50.0401 1 1 0
0.327567 -50.0901 -50.0901 1 1 0
0.328367 -50.1401 -50.1401 1 1 0
0.329191 -50.1901 -50.1901 1 1 0
0.33004 -50.2401 -50.2401 1 1 0
0.330913 -50.29 -50.29 1 1 0
0.331812 -50.34 -50.34 1 1 0
0.332734 -50.39 -50.39 1 1 0
0.333682 -50.44 -50.44 1 1 0
0.334655 -50.49 -50.49 1 1 0
0.335652 -50.54 -50.54 1 1 0
0.336674 -50.59 -50.59 1 1 0
0.337722 -50.64 -50.64 1 1 0
0.338794 -50.69 -50.69 1 1 0
0.339891 -50.7399 -50.7399 1 1 0
0.341014 -50.7899 -50.7899 1 1 0
0.342162 -50.8399 -50.8399 1 1 0
0.343335 -50.8899 -50.8899 1 1 0
0.344534 -50.9399 -50.9399 1 1 0
0.345758 -50.9899 -50.9899 1 1 0
0.347007 -51.0399 -51.0399 1 1 0
0.348283 -51.0898 -51.0898 1 1 0
0.349584 -51.1398 -51.1398 1 1 0
0.350911 -51.1898 -51.1898 1 1 0
0.352264 -51.2398 -51.2398 1 1 0
0.353643 -51.2898 -51.2898 1 1 0
0.355048 -51.3397 -51.3397 1 1 0
0.356479 -51.3897 -51.3897 1 1 0
0.357937 -51.4397 -51.4397 1 1 0
0.359421 -51.4897 -51.4897 1 1 0
0.360932 -51.5397 -51.5397 1 1 0
0.36247 -51.5896 -51.5896 1 1 0
0.364034 -51.6396 -51.6396 1 1 0
0.365626 -51.6896 -51.6896 1 1 0
0.367245 -51.7395 -51.7395 1 1 0
0.368891 -51.7895 -51.7895 1 1 0
0.370565 -51.8395 -51.8395 1 1 0
0.372266 -51.8895 -51.8895 1 1 0
0.373995 -51.9394 -51.9394 1 1 0
0.375752 -51.9894 -51.9894 1 1 0
0.377537 -52.0394 -52.0394 1 1 0
0.37935 -52.0893 -52.0893 1 1 0
0.381192 -52.1393 -52.1393 1 1 0
0.383063 -52.1893 -52.1893 1 1 0
0.384962 -52.2392 -52.2392 1 1 0
0.386891 -52.2892 -52.2892 1 1 0
0.388848 -52.3391 -52.3391 1 1 0
0.390835 -52.3891 -52.3891 1 1 0
0.392852 -52.4391 -52.4391 1 1 0
0.394898 -52.489 -52.489 1 1 0
0.396975 -52.539 -52.539 1 1 0
0.399082 -52.5889 -52.5889 1 1 0
0.401219 -52.6389 -52.6389 1 1 0
0.403388 -52.6888 -52.6888 1 1 0
0.405587 -52.7388 -52.7388 1 1 0
0.407817 -52.7887 -52.7887 1 1 0
0.410079 -52.8387 -52.8387 1 1 0
0.412373 -52.8886 -52.8886 1 1 0
0.414699 -52.9386 -52.9386 1 1 0
0.417057 -52.9885 -52.9885 1 1 0
0.419447 -53.0385 -53.0385 1 1 0
0.421871 -53.0884 -53.0884 1 1 0
0.424328 -53.1383 -53.1383 1 1 0
0.426818 -53.1883 -53.1883 1 1 0
0.429342 -53.2382 -53.2382 1 1 0
0.4319 -53.2882 -53.2882 1 1 0
0.434492 -53.3381 -53.3381 1 1 0
0.437119 -53.388 -53.388 1 1 0
0.439782 -53.4379 -53.4379 1 1 0
0.442479 -53.4879 -53.4879 1 1 0
0.445213 -53.5378 -53.5378 1 1 0
0.447982 -53.5877 -53.5877 1 1 0
0.450788 -53.6376 -53.6376 1 1 0
0.453631 -53.6876 -53.6876 1 1 0
0.456512 -53.7375 -53.7375 1 1 0
0.459429 -53.7874 -53.7874 1 1 0
0.462385 -53.8373 -53.8373 1 1 0
0.46538 -53.8872 -53.8872 1 1 0
0.468413 -53.9371 -53.9371 1 1 0
0.471486 -53.987 -53.987 1 1 0
0.474598 -54.0369 -54.0369 1 1 0
0.477751 -54.0868 -54.0868 1 1 0
0.480944 -54.1367 -54.1367 1 1 0
0.484179 -54.1866 -54.1866 1 1 0
0.487455 -54.2365 -54.2365 1 1 0
0.490773 -54.2864 -54.2864 1 1 0
0.494134 -54.3363 -54.3363 1 1 0
0.497539 -54.3862 -54.3862 1 1 0
0.500986 -54.436 -54.436 1 1 0
0.504478 -54.4859 -54.4859 1 1 0
0.508015 -54.5358 -54.5358 1 1 0
0.511597 -54.5857 -54.5857 1 1 0
0.515225 -54.6355 -54.6355 1 1 0
0.5189 -54.6854 -54.6854 1 1 0
0.522622 -54.7353 -54.7353 1 1 0
0.526391 -54.7851 -54.7851 1 1 0
0.530209 -54.835 -54.835 1 1 0
0.534076 -54.8848 -54.8848 1 1 0
0.537993 -54.9347 -54.9347 1 1 0
0.54196 -54.9845 -54.9845 1 1 0
0.545977 -55.0343 -55.0343 1 1 0
0.550047 -55.0842 -55.0842 1 1 0
0.554169 -55.134 -55.134 1 1 0
0.558345 -55.1838 -55.1838 1 1 0
0.562574 -55.2337 -55.2337 1 1 0
0.566858 -55.2835 -55.2835 1 1 0
0.571198 -55.3333 -55.3333 1 1 0
0.575594 -55.3831 -55.3831 1 1 0
0.580047 -55.4329 -55.4329 1 1 0
0.584559 -55.4827 -55.4827 1 1 0
0.589129 -55.5325 -55.5325 1 1 0
0.593759 -55.5823 -55.5823 1 1 0
0.59845 -55.632 -55.632 1 1 0
0.603202 -55.6818 -55.6818 1 1 0
0.608017 -55.7316 -55.7316 1 1 0
0.612895 -55.7813 -55.7813 1 1 0
0.617838 -55.8311 -55.8311 1 1 0
0.622847 -55.8808 -55.8808 1 1 0
0.627922 -55.9306 -55.9306 1 1 0
0.633066 -55.9803 -55.9803 1 1 0
0.638277 -56.03 -56.03 1 1 0
0.643559 -56.0798 -56.0798 1 1 0
0.648912 -56.1295 -56.1295 1 1 0
0.654337 -56.1792 -56.1792 1 1 0
0.659836 -56.2289 -56.2289 1 1 0
0.665409 -56.2786 -56.2786 1 1 0
0.671059 -56.3282 -56.3282 1 1 0
0.676785 -56.3779 -56.3779 1 1 0
0.68259 -56.4276 -56.4276 1 1 0
0.688476 -56.4772 -56.4772 1 1 0
0.694442 -56.5269 -56.5269 1 1 0
0.700492 -56.5765 -56.5765 1 1 0
0.706625 -56.6261 -56.6261 1 1 0
0.712845 -56.6757 -56.6757 1 1 0
0.719151 -56.7253 -56.7253 1 1 0
0.725547 -56.7749 -56.7749 1 1 0
0.732033 -56.8245 -56.8245 1 1 0
0.738611 -56.8741 -56.8741 1 1 0
0.745283 -56.9236 -56.9236 1 1 0
0.752051 -56.9732 -56.9732 1 1 0
0.758916 -57.0227 -57.0227 1 1 0
0.765881 -57.0722 -57.0722 1 1 0
0.772946 -57.1217 -57.1217 1 1 0
0.780114 -57.1712 -57.1712 1 1 0
0.787388 -57.2206 -57.2206 1 1 0
0.794769 -57.2701 -57.2701 1 1 0
0.802258 -57.3195 -57.3195 1 1 0
0.809859 -57.3689 -57.3689 1 1 0
0.817573 -57.4183 -57.4183 1 1 0
0.825403 -57.4677 -57.4677 1 1 0
0.833351 -57.5171 -57.5171 1 1 0
0.84142 -57.5664 -57.5664 1 1 0
0.849611 -57.6158 -57.6158 1 1 0
0.857927 -57.6651 -57.6651 1 1 0
0.866371 -57.7143 -57.7143 1 1 0
0.874946 -57.7636 -57.7636 1 1 0
0.883653 -57.8128 -57.8128 1 1 0
0.892497 -57.8621 -57.8621 1 1 0
0.901479 -57.9112 -57.9112 1 1 0
0.910603 -57.9604 -57.9604 1 1 0
0.919871 -58.0095 -58.0095 1 1 0
0.929287 -58.0586 -58.0586 1 1 0
0.938854 -58.1077 -58.1077 1 1 0
0.948575 -58.1568 -58.1568 1 1 0
0.958452 -58.2058 -58.2058 1 1 0
0.968491 -58.2548 -58.2548 1 1 0
0.978694 -58.3037 -58.3037 1 1 0
0.989064 -58.3526 -58.3526 1 1 0
0.999606 -58.4015 -58.4015 1 1 0
1.01032 -58.4503 -58.4503 1 1 0
1.02122 -58.4991 -58.4991 1 1 0
1.0323 -58.5479 -58.5479 1 1 0
1.04356 -58.5966 -58.5966 1 1 0
1.05502 -58.6453 -58.6453 1 1 0
1.06667 -58.6939 -58.6939 1 1 0
1.07852 -58.7425 -58.7425 1 1 0
1.09058 -58.791 -58.791 1 1 0
1.10285 -58.8395 -58.8395 1 1 0
1.11532 -58.8879 -58.8879 1 1 0
1.12802 -58.9362 -58.9362 1 1 0
1.14094 -58.9845 -58.9845 1 1 0
1.15409 -59.0328 -59.0328 1 1 0
1.16747 -59.081 -59.081 1 1 0
1.18109 -59.1291 -59.1291 1 1 0
1.19495 -59.1771 -59.1771 1 1 0
1.20907 -59.2251 -59.2251 1 1 0
1.22343 -59.273 -59.273 1 1 0
1.23806 -59.3208 -59.3208 1 1 0
1.25296 -59.3685 -59.3685 1 1 0
1.26813 -59.4161 -59.4161 1 1 0
1.28358 -59.4637 -59.4637 1 1 0
1.29931 -59.5112 -59.5112 1 1 0
1.31533 -59.5585 -59.5585 1 1 0
1.33165 -59.6058 -59.6058 1 1 0
1.34828 -59.6529 -59.6529 1 1 0
1.36521 -59.7 -59.7 1 1 0
1.38247 -59.7469 -59.7469 1 1 0
1.40004 -59.7937 -59.7937 1 1 0
1.41795 -59.8404 -59.8404 1 1 0
1.4362 -59.887 -59.887 1 1 0
1.45479 -59.9334 -59.9334 1 1 0
1.47373 -59.9796 -59.9796 1 1 0
1.49303 -60.0258 -60.0258 1 1 0
1.5127 -60.0717 -60.0717 1 1 0
1.53274 -60.1175 -60.1175 1 1 0
1.55316 -60.1632 -60.1632 1 1 0
1.57397 -60.2086 -60.2086 1 1 0
1.59517 -60.2539 -60.2539 1 1 0
1.61678 -60.299 -60.299 1 1 0
1.63879 -60.3439 -60.3439 1 1 0
1.66121 -60.3886 -60.3886 1 1 0
1.68406 -60.4331 -60.4331 1 1 0
1.70734 -60.4773 -60.4773 1 1 0
1.73105 -60.5213 -60.5213 1 1 0
1.7552 -60.5651 -60.5651 1 1 0
1.7798 -60.6087 -60.6087 1 1 0
1.80485 -60.6519 -60.6519 1 1 0
1.83035 -60.6949 -60.6949 1 1 0
1.85632 -60.7377 -60.7377 1 1 0
1.88276 -60.7801 -60.7801 1 1 0
1.90967 -60.8222 -60.8222 1 1 0
1.93705 -60.8641 -60.8641 1 1 0
1.96491 -60.9056 -60.9056 1 1 0
1.99326 -60.9468 -60.9468 1 1 0
2.02208 -60.9876 -60.9876 1 1 0
2.0514 -61.0281 -61.0281 1 1 0
2.0812 -61.0683 -61.0683 1 1 0
2.11149 -61.1081 -61.1081 1 1 0
2.14227 -61.1475 -61.1475 1 1 0
2.17353 -61.1865 -61.1865 1 1 0
2.20529 -61.2251 -61.2251 1 1 0
2.23753 -61.2633 -61.2633 1 1 0
2.27025 -61.3011 -61.3011 1 1 0
2.30346 -61.3385 -61.3385 1 1 0
2.33714 -61.3755 -61.3755 1 1 0
2.3713 -61.412 -61.412 1 1 0
2.40593 -61.448 -61.448 1 1 0
2.44102 -61.4837 -61.4837 1 1 0
2.47657 -61.5188 -61.5188 1 1 0
2.51257 -61.5535 -61.5535 1 1 0
0.182545 -28.7699 -28.7699 4 2 0
0.18253 -28.7416 -28.7982 3 2 0
0.182547 -28.6993 -28.8407 3 2 0
0.182603 -28.636 -28.9047 3 2 0
0.182705 -28.5659 -28.9759 3 2 0
0.18285 -28.4961 -29.0475 3 2 0
0.183037 -28.4266 -29.1192 3 2 0
0.183267 -28.3573 -29.1912 3 2 0
0.18354 -28.2884 -29.2633 3 2 0
0.183855 -28.2197 -29.3357 3 2 0
0.184213 -28.1513 -29.4083 3 2 0
0.184613 -28.0833 -29.481 3 2 0
0.185056 -28.0156 -29.5539 3 2 0
0.185542 -27.9482 -29.627 3 2 0
0.18607 -27.8812 -29.7003 3 2 0
0.186641 -27.8145 -29.7737 3 2 0
0.187255 -27.7482 -29.8473 3 2 0
0.187912 -27.6822 -29.921 3 2 0
0.188611 -27.6165 -29.9944 3 2 0
0.189354 -27.5513 -30.0683 3 2 0
0.190139 -27.4864 -30.1424 3 2 0
0.190967 -27.4219 -30.2168 3 2 0
0.191837 -27.3578 -30.2911 3 2 0
0.192751 -27.2941 -30.3655 3 2 0
0.193708 -27.2307 -30.4401 3 2 0
0.194707 -27.1679 -30.5147 3 2 0
0.19575 -27.1054 -30.5893 3 2 0
0.196835 -27.0433 -30.664 3 2 0
0.197964 -26.9817 -30.7388 3 2 0
0.199135 -26.9205 -30.8136 3 2 0
0.20035 -26.8598 -30.8884 3 2 0
0.201607 -26.7995 -30.9633 3 2 0
0.202908 -26.7396 -31.0382 3 2 0
0.204252 -26.6804 -31.1126 3 2 0
0.205638 -26.6214 -31.1875 3 2 0
0.207068 -26.563 -31.2624 3 2 0
0.208541 -26.5052 -31.338 3 2 0
0.210058 -26.4477 -31.413 3 2 0
0.211617 -26.3907 -31.4879 3 2 0
0.213219 -26.3341 -31.5628 3 2 0
0.214864 -26.2781 -31.6377 3 2 0
0.216553 -26.2226 -31.7125 3 2 0
0.218284 -26.1677 -31.7871 3 2 0
0.220059 -26.1133 -31.8619 3 2 0
0.221876 -26.0593 -31.9365 3 2 0
0.223736 -26.0057 -32.011 3 2 0
0.22564 -25.9528 -32.0855 3 2 0
0.227586 -25.9005 -32.1599 3 2 0
0.229574 -25.8488 -32.234 3 2 0
0.231606 -25.7975 -32.3083 3 2 0
0.23368 -25.7468 -32.3825 3 2 0
0.235797 -25.6969 -32.4565 3 2 0
0.237956 -25.6473 -32.5305 3 2 0
0.240158 -25.5983 -32.6043 3 2 0
0.242402 -25.5495 -32.6784 3 2 0
0.244688 -25.5016 -32.7519 3 2 0
0.247016 -25.4543 -32.8253 3 2 0
0.249386 -25.4077 -32.8986 3 2 0
0.251797 -25.3615 -32.9717 3 2 0
0.254251 -25.316 -33.0446 3 2 0
0.256746 -25.2708 -33.1167 3 2 0
0.259282 -25.2264 -33.1892 3 2 0
0.261859 -25.1826 -33.2617 3 2 0
0.264477 -25.1395 -33.3343 3 2 0
0.267136 -25.0969 -33.4062 3 2 0
0.269836 -25.0549 -33.478 3 2 0
0.272576 -25.0138 -33.5498 3 2 0
0.275355 -24.973 -33.6211 3 2 0
0.278175 -24.9329 -33.6922 3 2 0
0.281034 -24.8932 -33.7632 3 2 0
0.283933 -24.8543 -33.8339 3 2 0
0.28687 -24.816 -33.9043 3 2 0
0.289847 -24.7782 -33.9745 3 2 0
0.292861 -24.7411 -34.0445 3 2 0
0.295914 -24.7047 -34.1141 3 2 0
0.299005 -24.669 -34.1835 3 2 0
0.302132 -24.6339 -34.2527 3 2 0
0.305297 -24.5993 -34.3216 3 2 0
0.308499 -24.5655 -34.3899 3 2 0
0.311737 -24.5322 -34.4583 3 2 0
0.315011 -24.4996 -34.5264 3 2 0
0.31832 -24.4677 -34.5942 3 2 0
0.321664 -24.4362 -34.6616 3 2 0
0.325043 -24.4054 -34.7287 3 2 0
0.328456 -24.3749 -34.7953 3 2 0
0.331902 -24.3454 -34.8617 3 2 0
0.335382 -24.3165 -34.9278 3 2 0
0.338895 -24.2885 -34.9937 3 2 0
0.342439 -24.2609 -35.0592 3 2 0
0.346015 -24.234 -35.1245 3 2 0
0.349623 -24.2076 -35.1893 3 2 0
0.353261 -24.182 -35.2537 3 2 0
0.356928 -24.1569 -35.3178 3 2 0
0.360626 -24.1322 -35.3816 3 2 0
0.364351 -24.1083 -35.4449 3 2 0
0.368106 -24.0852 -35.5079 3 2 0
0.371887 -24.0633 -35.571 3 2 0
0.375696 -24.0414 -35.6333 3 2 0
0.37953 -24.0202 -35.6952 3 2 0
0.383391 -23.9989 -35.7565 3 2 0
0.387276 -23.9789 -35.8176 3 2 0
0.391185 -23.9595 -35.8783 3 2 0
0.395118 -23.9408 -35.9392 3 2 0
0.399073 -23.9225 -35.9993 3 2 0
0.40305 -23.9048 -36.059 3 2 0
0.407049 -23.8881 -36.1183 3 2 0
0.411068 -23.8716 -36.1771 3 2 0
0.415107 -23.8557 -36.2356 3 2 0
0.419165 -23.8398 -36.2936 3 2 0
0.42324 -23.8252 -36.3513 3 2 0
0.427333 -23.8111 -36.4085 3 2 0
0.431442 -23.7979 -36.4648 3 2 0
0.435567 -23.785 -36.5214 3 2 0
0.439707 -23.7728 -36.5775 3 2 0
0.44386 -23.7609 -36.6331 3 2 0
0.448027 -23.7497 -36.6882 3 2 0
0.452205 -23.7391 -36.7428 3 2 0
0.456395 -23.729 -36.7974 3 2 0
0.460595 -23.7196 -36.8512 3 2 0
0.464804 -23.7107 -36.9046 3 2 0
0.469021 -23.7024 -36.9575 3 2 0
0.473246 -23.6946 -37.0102 3 2 0
0.477477 -23.6874 -37.0624 3 2 0
0.481714 -23.6804 -37.1138 3 2 0
0.485955 -23.6742 -37.1652 3 2 0
0.490199 -23.6685 -37.2161 3 2 0
0.494447 -23.6636 -37.2663 3 2 0
0.498695 -23.6589 -37.3161 3 2 0
0.502944 -23.6546 -37.3654 3 2 0
0.507192 -23.6508 -37.4144 3 2 0
0.511439 -23.6476 -37.4631 3 2 0
0.515683 -23.645 -37.5115 3 2 0
0.519923 -23.6428 -37.5596 3 2 0
0.524158 -23.6411 -37.6069 3 2 0
0.528388 -23.6399 -37.6538 3 2 0
0.53261 -23.639 -37.7 3 2 0
0.536824 -23.6387 -37.7459 3 2 0
0.541029 -23.6388 -37.7913 3 2 0
0.545224 -23.6395 -37.8359 3 2 0
0.549408 -23.6404 -37.8807 3 2 0
0.553578 -23.6416 -37.925 3 2 0
0.557736 -23.6431 -37.9685 3 2 0
0.561878 -23.6453 -38.0117 3 2 0
0.566005 -23.6478 -38.0547 3 2 0
0.570114 -23.6509 -38.0973 3 2 0
0.574206 -23.6543 -38.1393 3 2 0
0.578278 -23.6581 -38.1808 3 2 0
0.58233 -23.6619 -38.2218 3 2 0
0.58636 -23.6662 -38.2624 3 2 0
0.590367 -23.671 -38.3026 3 2 0
0.594351 -23.6767 -38.342 3 2 0
0.598309 -23.6819 -38.3812 3 2 0
0.602242 -23.6875 -38.4198 3 2 0
0.606147 -23.6932 -38.4581 3 2 0
0.610024 -23.6995 -38.4961 3 2 0
0.613871 -23.7062 -38.5337 3 2 0
0.617688 -23.7139 -38.5704 3 2 0
0.621473 -23.7212 -38.6071 3 2 0
0.625226 -23.7286 -38.6434 3 2 0
0.628944 -23.7359 -38.6794 3 2 0
0.632627 -23.7436 -38.7147 3 2 0
0.636275 -23.7515 -38.7495 3 2 0
0.639885 -23.7604 -38.7838 3 2 0
0.643457 -23.7688 -38.8177 3 2 0
0.646989 -23.7773 -38.8511 3 2 0
0.650482 -23.7851 -38.8842 3 2 0
0.653933 -23.794 -38.917 3 2 0
0.657342 -23.8032 -38.9494 3 2 0
0.660708 -23.8131 -38.9813 3 2 0
0.66403 -23.8223 -39.0126 3 2 0
0.667307 -23.8317 -39.0435 3 2 0
0.670537 -23.8416 -39.0741 3 2 0
0.673721 -23.8515 -39.1043 3 2 0
0.676858 -23.8615 -39.1342 3 2 0
0.679946 -23.8711 -39.1635 3 2 0
0.682985 -23.8808 -39.1925 3 2 0
0.685974 -23.8905 -39.2211 3 2 0
0.688913 -23.9 -39.2487 3 2 0
0.6918 -23.9101 -39.2766 3 2 0
0.694635 -23.9202 -39.304 3 2 0
0.697418 -23.9297 -39.3306 3 2 0
0.700148 -23.9397 -39.3572 3 2 0
0.702824 -23.9496 -39.3835 3 2 0
0.705446 -23.9604 -39.4095 3 2 0
0.708014 -23.97 -39.4348 3 2 0
0.710527 -23.9797 -39.4597 3 2 0
0.712985 -23.9888 -39.4841 3 2 0
0.715388 -23.9985 -39.5084 3 2 0
0.717735 -24.0081 -39.5323 3 2 0
0.720026 -24.0176 -39.5556 3 2 0
0.722262 -24.0268 -39.5786 3 2 0
0.724441 -24.036 -39.6012 3 2 0
0.726565 -24.0455 -39.624 3 2 0
0.728633 -24.0546 -39.6459 3 2 0
0.730645 -24.0637 -39.6674 3 2 0
0.732601 -24.072 -39.6885 3 2 0
0.734502 -24.0808 -39.7093 3 2 0
0.736347 -24.0893 -39.7297 3 2 0
0.738138 -24.0981 -39.7502 3 2 0
0.739874 -24.1059 -39.7699 3 2 0
0.741556 -24.1136 -39.7893 3 2 0
0.743184 -24.1219 -39.8083 3 2 0
0.744759 -24.1298 -39.8271 3 2 0
0.746281 -24.1374 -39.8456 3 2 0
0.747751 -24.1432 -39.8633 3 2 0
0.74917 -24.1503 -39.8811 3 2 0
0.750538 -24.1574 -39.8986 3 2 0
0.751857 -24.1643 -39.9158 3 2 0
0.753125 -24.1709 -39.9326 3 2 0
0.754346 -24.1768 -39.9489 3 2 0
0.755519 -24.1825 -39.9648 3 2 0
0.756645 -24.1886 -39.9806 3 2 0
0.757725 -24.1946 -39.996 3 2 0
0.75876 -24.1992 -40.0111 3 2 0
0.759752 -24.2047 -40.0258 3 2 0
0.7607 -24.21 -40.0402 3 2 0
0.761606 -24.2132 -40.0543 3 2 0
0.762472 -24.2179 -40.068 3 2 0
0.763297 -24.2225 -40.0814 3 2 0
0.764084 -24.2279 -40.0944 3 2 0
0.764833 -24.2323 -40.1071 3 2 0
0.765545 -24.2358 -40.1196 3 2 0
0.766222 -24.2386 -40.1317 3 2 0
0.766864 -24.2419 -40.1436 3 2 0
0.767473 -24.2451 -40.1553 3 2 0
0.768049 -24.2487 -40.1665 3 2 0
0.768594 -24.2519 -40.1775 3 2 0
0.76911 -24.2551 -40.1882 3 2 0
0.769596 -24.2567 -40.1985 3 2 0
0.770054 -24.2592 -40.2085 3 2 0
0.770485 -24.2616 -40.2183 3 2 0
0.77089 -24.2641 -40.2278 3 2 0
0.771271 -24.2661 -40.2369 3 2 0
0.771628 -24.2681 -40.2458 3 2 0
0.771962 -24.27 -40.2544 3 2 0
0.772275 -24.2718 -40.2627 3 2 0
0.772567 -24.2736 -40.2708 3 2 0
0.772839 -24.277 -40.2786 3 2 0
0.773093 -24.2781 -40.286 3 2 0
0.773329 -24.2792 -40.2932 3 2 0
0.773547 -24.2809 -40.3003 3 2 0
0.77375 -24.2818 -40.307 3 2 0
0.773938 -24.2826 -40.3134 3 2 0
0.774111 -24.2835 -40.3195 3 2 0
0.774271 -24.2842 -40.3254 3 2 0
0.774419 -24.2848 -40.3311 3 2 0
0.774554 -24.2851 -40.3364 3 2 0
0.774678 -24.2859 -40.3416 3 2 0
0.774792 -24.2868 -40.3465 3 2 0
0.774895 -24.287 -40.3514 3 2 0
0.77499 -24.2874 -40.3558 3 2 0
0.775076 -24.2879 -40.3601 3 2 0
0.775154 -24.2901 -40.3642 3 2 0
0.775225 -24.2902 -40.3681 3 2 0
0.775289 -24.2903 -40.3717 3 2 0
0.775347 -24.2895 -40.3752 3 2 0
0.775399 -24.2899 -40.3784 3 2 0
0.775446 -24.2902 -40.3815 3 2 0
0.775488 -24.2915 -40.3844 3 2 0
0.775525 -24.2915 -40.3871 3 2 0
0.775558 -24.2914 -40.3897 3 2 0
0.775588 -24.2927 -40.392 3 2 0
0.775614 -24.2934 -40.3943 3 2 0
0.775637 -24.2941 -40.3964 3 2 0
0.775658 -24.2932 -40.3982 3 2 0
0.775675 -24.2939 -40.4 3 2 0
0.775691 -24.2943 -40.4017 3 2 0
0.775705 -24.294 -40.4033 3 2 0
0.775717 -24.2947 -40.4048 3 2 0
0.775727 -24.2951 -40.4061 3 2 0
0.775736 -24.292 -40.4073 3 2 0
0.775743 -24.2923 -40.4084 3 2 0
0.77575 -24.2926 -40.4094 3 2 0
0.775755 -24.2942 -40.4103 3 2 0
0.77576 -24.2949 -40.4112 3 2 0
0.775764 -24.2951 -40.4119 3 2 0
0.775768 -24.2922 -40.4126 4 2 0
0.77577 -24.2921 -40.4132 4 2 0
0.775773 -24.292 -40.4138 4 2 0
0.775775 -24.2938 -40.4143 4 2 0
0.775776 -24.2934 -40.4147 4 2 0
0.775778 -24.293 -40.4151 4 2 0
0.775779 -24.294 -40.4155 4 2 0
0.77578 -24.2946 -40.4158 4 2 0
0.77578 -24.2953 -40.4161 4 2 0
0.775781 -24.2922 -40.4163 4 2 0
0.775781 -24.2924 -40.4165 4 2 0
0.775782 -24.2927 -40.4167 4 2 0
0.775782 -24.2956 -40.4169 4 2 0
0.775782 -24.2958 -40.417 4 2 0
0.775782 -24.2952 -40.4171 4 2 0
0.775783 -24.294 -40.4172 4 2 0
0.775783 -24.2947 -40.4173 4 2 0
0.775783 -24.2955 -40.4174 4 2 0
0.775783 -24.2948 -40.4174 4 2 0
0.775783 -24.2943 -40.4175 4 2 0
0.775783 -24.2938 -40.4175 4 2 0
0.775783 -24.2923 -40.4176 4 2 0
0.775783 -24.2921 -40.4176 4 2 0
0.775783 -24.2921 -40.4176 4 2 0
0.775783 -24.2929 -40.4177 4 2 0
0.775783 -24.2925 -40.4177 4 2 0
0.775783 -24.2923 -40.4177 4 2 0
0.775783 -24.2954 -40.4177 4 2 0
0.775783 -24.2955 -40.4177 4 2 0
0.775783 -24.2948 -40.4177 4 2 0
0.775783 -24.2921 -40.4177 4 2 0
0.775783 -24.2921 -40.4177 4 2 0
0.775783 -24.2922 -40.4177 4 2 0
0.775783 -24.2948 -40.4177 4 2 0
0.775783 -24.2957 -40.4177 4 2 0
0.775783 -24.2965 -40.4177 4 2 0
0.775783 -24.2927 -40.4177 4 2 0
0.775783 -24.2931 -40.4177 4 2 0
0.775783 -24.2938 -40.4177 4 2 0
0.775783 -24.2946 -40.4177 4 2 0
0.775783 -24.2956 -40.4177 4 2 0
0.775783 -24.2968 -40.4177 4 2 0
0.775783 -24.2922 -40.4177 4 2 0
0.775783 -24.2925 -40.4177 4 2 0
0.775783 -24.2929 -40.4177 4 2 0
0.775783 -24.2923 -40.4177 4 2 0
0.775783 -24.2921 -40.4177 4 2 0
0.775783 -24.2921 -40.4177 4 2 0
0.775783 -24.2932 -40.4177 4 2 0
0.775783 -24.2928 -40.4177 4 2 0
0.775783 -24.2924 -40.4177 4 2 0
0.775783 -24.2923 -40.4177 4 2 0
0.775783 -24.2921 -40.4177 4 2 0
0.775783 -24.2921 -40.4177 4 2 0
0.775783 -24.2924 -40.4177 4 2 0
0.775783 -24.2929 -40.4177 4 2 0
0.775783 -24.2937 -40.4177 4 2 0
0.775783 -24.2924 -40.4177 4 2 0
0.775783 -24.2928 -40.4177 4 2 0
0.775783 -24.2935 -40.4177 4 2 0
0.775783 -24.2962 -40.4177 4 2 0
0.775783 -24.2964 -40.4177 4 2 0
0.775783 -24.2953 -40.4177 4 2 0
0.775783 -24.2928 -40.4177 4 2 0
0.775783 -24.2924 -40.4177 4 2 0
0.775783 -24.2921 -40.4177 4 2 0
0.775783 -24.2961 -40.4177 4 2 0
0.775783 -24.2976 -40.4177 4 2 0
0.775783 -24.2963 -40.4177 4 2 0
0.775783 -24.2958 -40.4177 4 2 0
0.775783 -24.2946 -40.4177 4 2 0
0.775783 -24.2946 -40.4177 4 2 0
0.775783 -24.2947 -40.4177 4 2 0
0.775783 -24.2937 -40.4177 4 2 0
0.775783 -24.2929 -40.4177 4 2 0
0.775783 -24.2921 -40.4177 4 2 0
0.775783 -24.2922 -40.4177 4 2 0
0.775783 -24.2928 -40.4177 4 2 0
0.775783 -24.2921 -40.4177 4 2 0
0.775783 -24.2924 -40.4177 4 2 0
0.775783 -24.2932 -40.4177 4 2 0
0.775783 -24.2924 -40.4177 4 2 0
0.775783 -24.2933 -40.4177 4 2 0
0.775783 -24.2948 -40.4177 4 2 0
0.775783 -24.2977 -40.4177 4 2 0
0.775783 -24.2971 -40.4177 4 2 0
0.775783 -24.2954 -40.4177 4 2 0
0.775783 -24.2942 -40.4177 4 2 0
0.775783 -24.2964 -40.4177 4 2 0
0.775783 -24.2978 -40.4177 4 2 0
0.775783 -24.299 -40.4177 4 2 0
0.775783 -24.2975 -40.4177 4 2 0
0.775783 -24.2955 -40.4177 4 2 0
0.775783 -24.2921 -40.4177 4 2 0
0.775783 -24.2923 -40.4177 4 2 0
0.775783 -24.2935 -40.4177 4 2 0
0.775783 -24.2947 -40.4177 4 2 0
0.775783 -24.2981 -40.4177 4 2 0
0.775783 -24.2974 -40.4177 4 2 0
0.775783 -24.2922 -40.4177 4 2 0
0.775783 -24.2936 -40.4177 4 2 0
0.775783 -24.2968 -40.4177 4 2 0
0.775783 -24.2943 -40.4177 4 2 0
0.775783 -24.2926 -40.4177 4 2 0
0.775783 -24.2921 -40.4177 4 2 0
0.775783 -24.2924 -40.4177 4 2 0
0.775783 -24.2922 -40.4177 4 2 0
0.775783 -24.2945 -40.4177 4 2 0
0.775783 -24.293 -40.4177 4 2 0
0.775783 -24.2921 -40.4177 4 2 0
0.775783 -24.2943 -40.4177 4 2 0
0.775783 -24.2921 -40.4177 4 2 0
0.775783 -24.294 -40.4177 4 2 0
0.775783 -24.3024 -40.4177 4 2 0
0.775783 -24.2972 -40.4177 4 2 0
0.775783 -24.2926 -40.4177 4 2 0
0.775783 -24.2935 -40.4177 4 2 0
0.775783 -24.2928 -40.4177 4 2 0
0.775783 -24.2945 -40.4177 4 2 0
0.775783 -24.3035 -40.4177 4 2 0
0.775783 -24.2923 -40.4177 4 2 0
0.775783 -24.305 -40.4177 4 2 0
0.775783 -24.2937 -40.4177 4 2 0
0.775783 -24.2986 -40.4177 4 2 0
0.775783 -24.2929 -40.4177 4 2 0
0.77578 -24.3399 -40.4177 4 2 0
0.775783 -24.2997 -40.4177 4 2 0
0.775783 -24.2923 -40.4177 4 2 0
0.775772 -24.3279 -40.4178 4 2 0
0.775783 -24.2933 -40.4177 4 2 0
0.775783 -24.3059 -40.4177 4 2 0
0.775783 -24.2937 -40.4177 4 2 0
0.775783 -24.2938 -40.4177 4 2 0
0.775782 -24.3103 -40.4177 4 2 0
0.775767 -24.3204 -40.4178 4 2 0
0.775767 -24.2939 -40.4178 4 2 0
