0 0.0561759 0.0561759 2 1 0
0.00397567 0.0561759 0.0561759 1 1 0
0.00795135 0.0561759 0.0561759 1 1 0
0.0139149 0.0561761 0.0561761 1 1 0
0.0228601 0.0561766 0.0561766 1 1 0
0.036278 0.0561784 0.0561784 1 1 0
0.0564047 0.0561849 0.0561849 1 1 0
0.086594 0.0562061 0.0562061 1 1 0
0.131875 0.0562725 0.0562725 1 1 0
0.181559 0.0564045 0.0564045 1 1 0
0.231229 0.0566088 0.0566088 1 1 0
0.280878 0.0568949 0.0568949 1 1 0
0.330499 0.0572732 0.0572732 1 1 0
0.38008 0.057757 0.057757 1 1 0
0.429605 0.0583646 0.0583646 1 1 0
0.47905 0.0591221 0.0591221 1 1 0
0.528378 0.0600698 0.0600698 1 1 0
0.577523 0.0612727 0.0612727 1 1 0
0.626357 0.0628461 0.0628461 1 1 0
0.674569 0.0650253 0.0650253 1 1 0
0.721127 0.0684282 0.0684282 1 1 0
0.758207 0.0758316 0.0758316 1 1 0
0.75989 0.0782866 0.0782866 2 1 0
0.751991 0.0846308 0.0846308 2 1 0
0.736535 0.0903578 0.0903578 2 1 0
0.718726 0.0958032 0.0958032 2 1 0
0.70006 0.101228 0.101228 2 1 0
0.681167 0.106792 0.106792 2 1 0
0.660569 0.113212 0.113212 2 1 0
0.638614 0.120787 0.120787 2 1 0
0.615988 0.129915 0.129915 2 1 0
0.595901 0.140027 0.140027 2 1 0
0.579583 0.151146 0.151146 2 1 0
0.568332 0.163044 0.163044 2 1 0
0.56297 0.175199 0.175199 2 1 0
0.56247 0.18027 0.18027 2 1 0
0.565011 0.191784 0.191784 2 1 0
0.571858 0.202429 0.202429 2 1 0
0.581915 0.212126 0.212126 2 1 0
0.594316 0.220918 0.220918 2 1 0
0.608436 0.228895 0.228895 2 1 0
0.623837 0.236152 0.236152 2 1 0
0.640211 0.24278 0.24278 2 1 0
0.659085 0.249436 0.249436 2 1 0
0.680651 0.256092 0.256092 2 1 0
0.70512 0.262722 0.262722 2 1 0
0.732728 0.269301 0.269301 2 1 0
0.761639 0.275388 0.275388 2 1 0
0.791004 0.280902 0.280902 2 1 0
0.820726 0.285921 0.285921 2 1 0
0.850735 0.290512 0.290512 2 1 0
0.880978 0.294728 0.294728 2 1 0
0.911414 0.298615 0.298615 2 1 0
0.94201 0.302211 0.302211 2 1 0
0.972741 0.305548 0.305548 2 1 0
1.00359 0.308653 0.308653 2 1 0
1.03453 0.31155 0.31155 2 1 0
1.06556 0.314261 0.314261 2 1 0
1.09667 0.316801 0.316801 2 1 0
1.12784 0.319189 0.319189 2 1 0
1.15906 0.321436 0.321436 2 1 0
1.19034 0.323555 0.323555 2 1 0
1.22166 0.325557 0.325557 2 1 0
1.25302 0.327451 0.327451 2 1 0
1.28442 0.329247 0.329247 2 1 0
1.31585 0.330951 0.330951 2 1 0
1.34731 0.332571 0.332571 2 1 0
1.37879 0.334112 0.334112 2 1 0
1.4103 0.33558 0.33558 2 1 0
1.44183 0.336981 0.336981 2 1 0
1.47339 0.338319 0.338319 2 1 0
1.50495 0.339598 0.339598 2 1 0
1.53654 0.340821 0.340821 2 1 0
1.56814 0.341994 0.341994 2 1 0
1.59976 0.343118 0.343118 2 1 0
1.63139 0.344196 0.344196 2 1 0
1.66303 0.345232 0.345232 2 1 0
1.69468 0.346228 0.346228 2 1 0
1.72634 0.347186 0.347186 2 1 0
1.73814 0.347533 0.347533 2 1 0
1.76981 0.348443 0.348443 1 1 0
1.8015 0.349319 0.349319 1 1 0
1.83319 0.350164 0.350164 1 1 0
1.8649 0.350979 0.350979 1 1 0
1.8966 0.351767 0.351767 1 1 0
1.92832 0.352527 0.352527 1 1 0
1.96004 0.353262 0.353262 1 1 0
1.99177 0.353974 0.353974 1 1 0
2.02351 0.354662 0.354662 1 1 0
2.05524 0.355328 0.355328 1 1 0
2.08699 0.355974 0.355974 1 1 0
2.11874 0.3566 0.3566 1 1 0
2.15049 0.357207 0.357207 1 1 0
2.18225 0.357795 0.357795 1 1 0
2.21401 0.358367 0.358367 1 1 0
2.24578 0.358922 0.358922 1 1 0
2.27755 0.359461 0.359461 1 1 0
2.30933 0.359985 0.359985 1 1 0
2.3411 0.360495 0.360495 1 1 0
2.37288 0.36099 0.36099 1 1 0
2.40467 0.361472 0.361472 1 1 0
2.43645 0.361942 0.361942 1 1 0
2.46824 0.362399 0.362399 1 1 0
2.50003 0.362844 0.362844 1 1 0
2.53183 0.363278 0.363278 1 1 0
2.56363 0.363701 0.363701 1 1 0
2.59543 0.364113 0.364113 1 1 0
2.62723 0.364515 0.364515 1 1 0
2.65903 0.364908 0.364908 1 1 0
2.69084 0.365291 0.365291 1 1 0
2.72264 0.365665 0.365665 1 1 0
2.75445 0.36603 0.36603 1 1 0
2.78626 0.366387 0.366387 1 1 0
2.81808 0.366735 0.366735 1 1 0
2.84989 0.367076 0.367076 1 1 0
2.88171 0.367409 0.367409 1 1 0
2.91353 0.367734 0.367734 1 1 0
2.94535 0.368053 0.368053 1 1 0
2.97717 0.368364 0.368364 1 1 0
3.00899 0.368669 0.368669 1 1 0
1.73814 0.347533 0.347533 4 4 0
1.73815 0.348722 0.346346 4 4 0
1.73823 0.350507 0.344569 4 4 0
1.73846 0.353186 0.341913 4 4 0
1.73908 0.357199 0.33796 4 4 0
1.74012 0.361587 0.333674 4 4 0
1.74167 0.36636 0.329055 4 4 0
1.74384 0.371519 0.32411 4 4 0
1.74672 0.377062 0.318852 4 4 0
1.75042 0.382984 0.313298 4 4 0
1.75503 0.389277 0.307465 4 4 0
1.76065 0.395934 0.30137 4 4 0
1.76738 0.402955 0.295027 4 4 0
1.7753 0.410343 0.288444 4 4 0
1.78452 0.418111 0.28162 4 4 0
1.79513 0.42628 0.274552 4 4 0
1.80727 0.434881 0.267228 4 4 0
1.82103 0.443957 0.259626 4 4 0
1.83655 0.453564 0.251717 4 4 0
1.85396 0.46378 0.243462 4 4 0
1.8734 0.474706 0.234804 4 4 0
1.89495 0.486481 0.225667 4 4 0
1.91867 0.499302 0.215943 4 4 0
1.94443 0.513456 0.205473 4 4 0
1.97166 0.529379 0.194026 4 4 0
1.99857 0.547694 0.181295 4 4 0
2.01848 0.566877 0.168484 4 4 0
2.02591 0.585278 0.156764 4 4 0
2.02591 0.586221 0.15618 3 4 0
2.02068 0.600633 0.147494 3 4 0
2.00791 0.612844 0.140534 3 4 0
1.99079 0.623214 0.134966 3 4 0
1.97096 0.632413 0.130332 3 4 0
1.94931 0.64085 0.126358 3 4 0
1.9264 0.648783 0.122879 3 4 0
1.90259 0.656398 0.119781 3 4 0
1.87812 0.66382 0.116988 3 4 0
1.85317 0.671148 0.114442 3 4 0
1.82787 0.678463 0.112101 3 4 0
1.80232 0.685821 0.109932 3 4 0
1.7766 0.693271 0.107909 3 4 0
1.75075 0.700859 0.10601 3 4 0
1.72483 0.708613 0.104217 3 4 0
1.69888 0.716556 0.102514 3 4 0
1.6729 0.724716 0.100884 3 4 0
1.64693 0.7331 0.0993107 3 4 0
1.62096 0.741716 0.0977758 3 4 0
1.595 0.750567 0.0962559 3 4 0
1.56905 0.759645 0.0947256 3 4 0
1.54309 0.768949 0.0931657 3 4 0
1.51711 0.778459 0.0915714 3 4 0
1.49108 0.788157 0.0899488 3 4 0
1.46499 0.798006 0.0883085 3 4 0
1.4388 0.807974 0.0866614 3 4 0
1.41248 0.818021 0.0850191 3 4 0
1.38599 0.828099 0.0833907 3 4 0
1.35931 0.838156 0.0817864 3 4 0
1.3324 0.848135 0.0802143 3 4 0
1.30524 0.857995 0.0786826 3 4 0
1.2778 0.867667 0.0771982 3 4 0
1.25007 0.877092 0.0757678 3 4 0
1.22206 0.886221 0.0743967 3 4 0
1.19378 0.895021 0.0730896 3 4 0
1.16525 0.903434 0.0718501 3 4 0
1.13653 0.911452 0.0706799 3 4 0
1.10766 0.919035 0.0695814 3 4 0
1.07872 0.926158 0.068554 3 4 0
1.04981 0.932812 0.0675981 3 4 0
1.02104 0.938968 0.0667119 3 4 0
0.992538 0.944596 0.0658945 3 4 0
0.964455 0.949646 0.0651435 3 4 0
0.936971 0.954086 0.0644577 3 4 0
0.910296 0.957806 0.0638352 3 4 0
0.884678 0.9607 0.0632748 3 4 0
0.860413 0.962623 0.0627754 3 4 0
0.837853 0.963408 0.0623373 3 4 0
0.817405 0.962875 0.0619608 3 4 0
0.799527 0.960875 0.0616475 3 4 0
0.784687 0.95739 0.0613983 3 4 0
0.773269 0.95258 0.0612137 3 4 0
0.765417 0.946959 0.0610912 3 4 0
0.762832 0.944223 0.061052 3 4 0
0.760998 0.941662 0.0610247 3 4 0
0.759753 0.939336 0.0610065 3 4 0
0.75898 0.937321 0.0609957 3 4 0
0.758555 0.935664 0.0609903 3 4 0
0.758359 0.934381 0.060988 3 4 0
0.758288 0.933437 0.0609875 3 4 0
0.75827 0.932768 0.0609877 3 4 0
0.758267 0.932349 0.060988 3 4 0
0.758267 0.932094 0.0609882 3 4 0
0.758267 0.931974 0.0609882 3 4 0
0.758267 0.931956 0.0609884 3 4 0
0.758267 0.931915 0.0609885 3 4 0
0.758267 0.93193 0.0609884 3 4 0
0.758267 0.931923 0.0609885 3 4 0
0.758267 0.931928 0.0609884 3 4 0
0.758267 0.931924 0.0609885 3 4 0
0.758267 0.931898 0.0609883 4 4 0
0.758267 0.93192 0.0609883 4 4 0
0.758267 0.931905 0.0609883 4 4 0
0.758267 0.931919 0.0609883 4 4 0
0.758267 0.931919 0.0609883 4 4 0
0.758267 0.931918 0.0609883 4 4 0
0.758267 0.931911 0.0609883 4 4 0
0.758267 0.931927 0.0609883 4 4 0
0.758267 0.931927 0.0609885 4 4 0
0.758267 0.931906 0.0609884 4 4 0
0.758267 0.931921 0.0609884 4 4 0
0.758267 0.931923 0.0609885 4 4 0
0.758267 0.931905 0.0609884 4 4 0
0.758267 0.931915 0.0609885 4 4 0
0.758267 0.931906 0.0609883 4 4 0
0.758267 0.931899 0.0609885 4 4 0
0.758267 0.931903 0.0609884 4 4 0
0.758267 0.931925 0.0609885 4 4 0
0.758267 0.931926 0.0609883 4 4 0
0.758267 0.931923 0.0609885 4 4 0
0.758267 0.931924 0.0609883 4 4 0
0.758267 0.931906 0.0609886 4 4 0
0.758267 0.931918 0.0609883 4 4 0
0.758267 0.931912 0.0609884 4 4 0
0.758267 0.931923 0.0609886 4 4 0
0.758267 0.931921 0.0609883 4 4 0
0.758267 0.931905 0.0609884 4 4 0
0.758267 0.931919 0.0609883 4 4 0
0.758267 0.931919 0.0609883 4 4 0
0.758267 0.931914 0.0609883 4 4 0
0.758267 0.93192 0.0609883 4 4 0
0.758267 0.931923 0.0609883 4 4 0
0.758267 0.931908 0.0609883 4 4 0
0.758267 0.931927 0.0609886 4 4 0
0.758267 0.931914 0.0609883 4 4 0
0.758267 0.931926 0.0609883 4 4 0
0.758267 0.931908 0.0609883 4 4 0
0.758267 0.931926 0.0609885 4 4 0
0.758267 0.931926 0.0609886 4 4 0
0.758267 0.931926 0.0609883 4 4 0
0.758267 0.931921 0.0609885 4 4 0
0.758267 0.931908 0.0609883 4 4 0
0.758267 0.931914 0.0609883 4 4 0
0.758267 0.931917 0.0609884 4 4 0
0.758267 0.931913 0.0609883 4 4 0
0.758267 0.931927 0.0609883 4 4 0
0.758267 0.931924 0.0609886 4 4 0
0.758267 0.931921 0.0609886 4 4 0
0.758267 0.931891 0.0609885 4 4 0
0.758267 0.931915 0.0609884 4 4 0
0.758267 0.931918 0.0609886 4 4 0
0.758267 0.931927 0.0609883 4 4 0
0.758267 0.931906 0.0609885 4 4 0
0.758267 0.931909 0.0609883 4 4 0
0.758267 0.931876 0.0609886 4 4 0
0.758267 0.931922 0.0609884 4 4 0
0.758267 0.931891 0.0609884 4 4 0
0.758267 0.931898 0.0609883 4 4 0
0.758267 0.931926 0.0609883 4 4 0
0.758267 0.931926 0.0609883 4 4 0
