0 0.1 0.1 2 1 0
0.0130775 0.101308 0.101308 1 1 0
0.022197 0.10222 0.10222 1 1 0
0.0303752 0.103038 0.103038 1 1 0
0.0364832 0.103648 0.103648 1 1 0
0.0408147 0.104081 0.104081 1 1 0
0.04461 0.104461 0.104461 1 1 0
0.049275 0.104928 0.104928 1 1 0
0.0549858 0.105499 0.105499 1 1 0
0.0619718 0.106197 0.106197 1 1 0
0.0705279 0.107053 0.107053 1 1 0
0.078346 0.107835 0.107835 1 1 0
0.0851951 0.10852 0.10852 1 1 0
0.091375 0.109137 0.109137 1 1 0
0.0970572 0.109706 0.109706 1 1 0
0.102351 0.110235 0.110235 1 1 0
0.107331 0.110733 0.110733 1 1 0
0.112051 0.111205 0.111205 1 1 0
0.116551 0.111655 0.111655 1 1 0
0.120861 0.112086 0.112086 1 1 0
0.125006 0.112501 0.112501 1 1 0
0.129005 0.112901 0.112901 1 1 0
0.132875 0.113288 0.113288 1 1 0
0.136629 0.113663 0.113663 1 1 0
0.140278 0.114028 0.114028 1 1 0
0.143831 0.114383 0.114383 1 1 0
0.147298 0.11473 0.11473 1 1 0
0.150684 0.115068 0.115068 1 1 0
0.153997 0.1154 0.1154 1 1 0
0.157241 0.115724 0.115724 1 1 0
0.160422 0.116042 0.116042 1 1 0
0.163544 0.116354 0.116354 1 1 0
0.166611 0.116661 0.116661 1 1 0
0.169626 0.116963 0.116963 1 1 0
0.172592 0.117259 0.117259 1 1 0
0.175513 0.117551 0.117551 1 1 0
0.17839 0.117839 0.117839 1 1 0
0.181227 0.118123 0.118123 1 1 0
0.184026 0.118403 0.118403 1 1 0
0.186787 0.118679 0.118679 1 1 0
0.189514 0.118951 0.118951 1 1 0
0.192208 0.119221 0.119221 1 1 0
0.19487 0.119487 0.119487 1 1 0
0.197503 0.11975 0.11975 1 1 0
0.200107 0.120011 0.120011 1 1 0
0.202683 0.120268 0.120268 1 1 0
0.205233 0.120523 0.120523 1 1 0
0.207758 0.120776 0.120776 1 1 0
0.210259 0.121026 0.121026 1 1 0
0.212737 0.121274 0.121274 1 1 0
0.215193 0.121519 0.121519 1 1 0
0.217627 0.121763 0.121763 1 1 0
0.220041 0.122004 0.122004 1 1 0
0.222435 0.122243 0.122243 1 1 0
0.22481 0.122481 0.122481 1 1 0
0.227167 0.122717 0.122717 1 1 0
0.229506 0.122951 0.122951 1 1 0
0.231828 0.123183 0.123183 1 1 0
0.234133 0.123413 0.123413 1 1 0
0.236423 0.123642 0.123642 1 1 0
0.238697 0.12387 0.12387 1 1 0
0.240956 0.124096 0.124096 1 1 0
0.243201 0.12432 0.12432 1 1 0
0.245432 0.124543 0.124543 1 1 0
0.247649 0.124765 0.124765 1 1 0
0.249853 0.124985 0.124985 1 1 0
0.252045 0.125204 0.125204 1 1 0
0.254224 0.125422 0.125422 1 1 0
0.256392 0.125639 0.125639 1 1 0
0.258547 0.125855 0.125855 1 1 0
0.260692 0.126069 0.126069 1 1 0
0.262825 0.126283 0.126283 1 1 0
0.264949 0.126495 0.126495 1 1 0
0.267061 0.126706 0.126706 1 1 0
0.269164 0.126916 0.126916 1 1 0
0.271257 0.127126 0.127126 1 1 0
0.27334 0.127334 0.127334 1 1 0
0.275415 0.127541 0.127541 1 1 0
0.27748 0.127748 0.127748 1 1 0
0.279537 0.127954 0.127954 1 1 0
0.281585 0.128158 0.128158 1 1 0
0.283625 0.128362 0.128362 1 1 0
0.285657 0.128566 0.128566 1 1 0
0.287681 0.128768 0.128768 1 1 0
0.289697 0.12897 0.12897 1 1 0
0.291707 0.129171 0.129171 1 1 0
0.293708 0.129371 0.129371 1 1 0
0.295703 0.12957 0.12957 1 1 0
0.297691 0.129769 0.129769 1 1 0
0.299672 0.129967 0.129967 1 1 0
0.301647 0.130165 0.130165 1 1 0
0.303616 0.130362 0.130362 1 1 0
0.305578 0.130558 0.130558 1 1 0
0.307534 0.130753 0.130753 1 1 0
0.309485 0.130948 0.130948 1 1 0
0.311429 0.131143 0.131143 1 1 0
0.313368 0.131337 0.131337 1 1 0
0.315302 0.13153 0.13153 1 1 0
0.31723 0.131723 0.131723 1 1 0
0.319153 0.131915 0.131915 1 1 0
0.321071 0.132107 0.132107 1 1 0
0.322984 0.132298 0.132298 1 1 0
0.324892 0.132489 0.132489 1 1 0
0.326796 0.13268 0.13268 1 1 0
0.328695 0.13287 0.13287 1 1 0
0.33059 0.133059 0.133059 1 1 0
0.33248 0.133248 0.133248 1 1 0
0.334366 0.133437 0.133437 1 1 0
0.336248 0.133625 0.133625 1 1 0
0.338125 0.133813 0.133813 1 1 0
0.339999 0.134 0.134 1 1 0
0.341869 0.134187 0.134187 1 1 0
0.343736 0.134374 0.134374 1 1 0
0.345598 0.13456 0.13456 1 1 0
0.347457 0.134746 0.134746 1 1 0
0.349313 0.134931 0.134931 1 1 0
0.351165 0.135117 0.135117 1 1 0
0.353014 0.135301 0.135301 1 1 0
0.35486 0.135486 0.135486 1 1 0
0.356703 0.13567 0.13567 1 1 0
0.358542 0.135854 0.135854 1 1 0
0.360379 0.136038 0.136038 1 1 0
0.362213 0.136221 0.136221 1 1 0
0.364044 0.136404 0.136404 1 1 0
0.365872 0.136587 0.136587 1 1 0
0.367697 0.13677 0.13677 1 1 0
0.36952 0.136952 0.136952 1 1 0
0.371341 0.137134 0.137134 1 1 0
0.373159 0.137316 0.137316 1 1 0
0.374974 0.137497 0.137497 1 1 0
0.376788 0.137679 0.137679 1 1 0
0.378599 0.13786 0.13786 1 1 0
0.380408 0.138041 0.138041 1 1 0
0.382214 0.138221 0.138221 1 1 0
0.384019 0.138402 0.138402 1 1 0
0.385822 0.138582 0.138582 1 1 0
0.387623 0.138762 0.138762 1 1 0
0.389422 0.138942 0.138942 1 1 0
0.391219 0.139122 0.139122 1 1 0
0.393014 0.139301 0.139301 1 1 0
0.394808 0.139481 0.139481 1 1 0
0.3966 0.13966 0.13966 1 1 0
0.39839 0.139839 0.139839 1 1 0
0.400179 0.140018 0.140018 1 1 0
0.401966 0.140197 0.140197 1 1 0
0.403752 0.140375 0.140375 1 1 0
0.405537 0.140554 0.140554 1 1 0
0.40732 0.140732 0.140732 1 1 0
0.409102 0.14091 0.14091 1 1 0
0.410883 0.141088 0.141088 1 1 0
0.412663 0.141266 0.141266 1 1 0
0.414441 0.141444 0.141444 1 1 0
0.416218 0.141622 0.141622 1 1 0
0.417995 0.141799 0.141799 1 1 0
0.41977 0.141977 0.141977 1 1 0
0.421544 0.142154 0.142154 1 1 0
0.423318 0.142332 0.142332 1 1 0
0.425091 0.142509 0.142509 1 1 0
0.426862 0.142686 0.142686 1 1 0
0.428633 0.142863 0.142863 1 1 0
0.430404 0.14304 0.14304 1 1 0
0.432173 0.143217 0.143217 1 1 0
0.433942 0.143394 0.143394 1 1 0
0.435711 0.143571 0.143571 1 1 0
0.437479 0.143748 0.143748 1 1 0
0.439246 0.143925 0.143925 1 1 0
0.441013 0.144101 0.144101 1 1 0
0.442779 0.144278 0.144278 1 1 0
0.444545 0.144455 0.144455 1 1 0
0.446311 0.144631 0.144631 1 1 0
0.448077 0.144808 0.144808 1 1 0
0.449842 0.144984 0.144984 1 1 0
0.451606 0.145161 0.145161 1 1 0
0.453371 0.145337 0.145337 1 1 0
0.455136 0.145514 0.145514 1 1 0
0.4569 0.14569 0.14569 1 1 0
0.458664 0.145866 0.145866 1 1 0
0.460428 0.146043 0.146043 1 1 0
0.462192 0.146219 0.146219 1 1 0
0.463957 0.146396 0.146396 1 1 0
0.465721 0.146572 0.146572 1 1 0
0.467485 0.146749 0.146749 1 1 0
0.46925 0.146925 0.146925 1 1 0
0.471014 0.147101 0.147101 1 1 0
0.472779 0.147278 0.147278 1 1 0
0.474544 0.147454 0.147454 1 1 0
0.476309 0.147631 0.147631 1 1 0
0.478074 0.147807 0.147807 1 1 0
0.47984 0.147984 0.147984 1 1 0
0.481606 0.148161 0.148161 1 1 0
0.483373 0.148337 0.148337 1 1 0
0.48514 0.148514 0.148514 1 1 0
0.486907 0.148691 0.148691 1 1 0
0.488675 0.148868 0.148868 1 1 0
0.490444 0.149044 0.149044 1 1 0
0.492212 0.149221 0.149221 1 1 0
0.493982 0.149398 0.149398 1 1 0
0.495752 0.149575 0.149575 1 1 0
0.497523 0.149752 0.149752 1 1 0
0.499294 0.149929 0.149929 1 1 0
0.501066 0.150107 0.150107 1 1 0
0.502839 0.150284 0.150284 1 1 0
0.504613 0.150461 0.150461 1 1 0
0.506387 0.150639 0.150639 1 1 0
0.508162 0.150816 0.150816 1 1 0
0.509938 0.150994 0.150994 1 1 0
0.511715 0.151171 0.151171 1 1 0
0.513493 0.151349 0.151349 1 1 0
0.515271 0.151527 0.151527 1 1 0
0.517051 0.151705 0.151705 1 1 0
0.518832 0.151883 0.151883 1 1 0
0.520613 0.152061 0.152061 1 1 0
0.522396 0.15224 0.15224 1 1 0
0.52418 0.152418 0.152418 1 1 0
0.525965 0.152596 0.152596 1 1 0
0.527751 0.152775 0.152775 1 1 0
0.529538 0.152954 0.152954 1 1 0
0.531326 0.153133 0.153133 1 1 0
0.533116 0.153312 0.153312 1 1 0
0.534907 0.153491 0.153491 1 1 0
0.536699 0.15367 0.15367 1 1 0
0.538492 0.153849 0.153849 1 1 0
0.540287 0.154029 0.154029 1 1 0
0.542083 0.154208 0.154208 1 1 0
0.543881 0.154388 0.154388 1 1 0
0.545679 0.154568 0.154568 1 1 0
0.54748 0.154748 0.154748 1 1 0
0.549281 0.154928 0.154928 1 1 0
0.551085 0.155108 0.155108 1 1 0
0.552889 0.155289 0.155289 1 1 0
0.554696 0.15547 0.15547 1 1 0
0.556504 0.15565 0.15565 1 1 0
0.558313 0.155831 0.155831 1 1 0
0.560124 0.156012 0.156012 1 1 0
0.561937 0.156194 0.156194 1 1 0
0.563751 0.156375 0.156375 1 1 0
0.565568 0.156557 0.156557 1 1 0
0.567385 0.156739 0.156739 1 1 0
0.569205 0.156921 0.156921 1 1 0
0.571026 0.157103 0.157103 1 1 0
0.57285 0.157285 0.157285 1 1 0
0.574675 0.157467 0.157467 1 1 0
0.576502 0.15765 0.15765 1 1 0
0.57833 0.157833 0.157833 1 1 0
0.580161 0.158016 0.158016 1 1 0
0.581994 0.158199 0.158199 1 1 0
0.583829 0.158383 0.158383 1 1 0
0.585665 0.158567 0.158567 1 1 0
0.587504 0.15875 0.15875 1 1 0
0.589345 0.158934 0.158934 1 1 0
0.591187 0.159119 0.159119 1 1 0
0.593032 0.159303 0.159303 1 1 0
0.594879 0.159488 0.159488 1 1 0
0.596728 0.159673 0.159673 1 1 0
0.59858 0.159858 0.159858 1 1 0
0.600433 0.160043 0.160043 1 1 0
0.602289 0.160229 0.160229 1 1 0
0.604147 0.160415 0.160415 1 1 0
0.606008 0.160601 0.160601 1 1 0
0.60787 0.160787 0.160787 1 1 0
0.609735 0.160974 0.160974 1 1 0
0.611603 0.16116 0.16116 1 1 0
0.613473 0.161347 0.161347 1 1 0
0.615345 0.161534 0.161534 1 1 0
0.617219 0.161722 0.161722 1 1 0
0.619097 0.16191 0.16191 1 1 0
0.620976 0.162098 0.162098 1 1 0
0.622858 0.162286 0.162286 1 1 0
0.624743 0.162474 0.162474 1 1 0
0.62663 0.162663 0.162663 1 1 0
0.62852 0.162852 0.162852 1 1 0
0.629832 0.162983 0.162983 2 1 0
0.631726 0.163173 0.163173 2 1 0
0.633623 0.163362 0.163362 2 1 0
0.635522 0.163552 0.163552 2 1 0
0.637425 0.163743 0.163743 2 1 0
0.63933 0.163933 0.163933 2 1 0
0.641238 0.164124 0.164124 2 1 0
0.643149 0.164315 0.164315 2 1 0
0.645063 0.164506 0.164506 2 1 0
0.64698 0.164698 0.164698 2 1 0
0.648899 0.16489 0.16489 2 1 0
0.650822 0.165082 0.165082 2 1 0
0.652747 0.165275 0.165275 2 1 0
0.654675 0.165468 0.165468 2 1 0
0.656607 0.165661 0.165661 2 1 0
0.658541 0.165854 0.165854 2 1 0
0.660479 0.166048 0.166048 2 1 0
0.662419 0.166242 0.166242 2 1 0
0.664363 0.166436 0.166436 2 1 0
0.66631 0.166631 0.166631 2 1 0
0.66826 0.166826 0.166826 2 1 0
0.670213 0.167021 0.167021 2 1 0
0.67217 0.167217 0.167217 2 1 0
0.674129 0.167413 0.167413 2 1 0
0.676092 0.167609 0.167609 2 1 0
0.678059 0.167806 0.167806 2 1 0
0.680029 0.168003 0.168003 2 1 0
0.682002 0.1682 0.1682 2 1 0
0.683978 0.168398 0.168398 2 1 0
0.685958 0.168596 0.168596 2 1 0
0.687942 0.168794 0.168794 2 1 0
0.689928 0.168993 0.168993 2 1 0
0.691919 0.169192 0.169192 2 1 0
0.693913 0.169391 0.169391 2 1 0
0.695911 0.169591 0.169591 2 1 0
0.697912 0.169791 0.169791 2 1 0
0.699917 0.169992 0.169992 2 1 0
0.701925 0.170193 0.170193 2 1 0
0.703937 0.170394 0.170394 2 1 0
0.705953 0.170595 0.170595 2 1 0
0.707973 0.170797 0.170797 2 1 0
0.709997 0.171 0.171 2 1 0
0.712024 0.171202 0.171202 2 1 0
0.714055 0.171406 0.171406 2 1 0
0.71609 0.171609 0.171609 2 1 0
0.718129 0.171813 0.171813 2 1 0
0.720172 0.172017 0.172017 2 1 0
0.722219 0.172222 0.172222 2 1 0
0.72427 0.172427 0.172427 2 1 0
0.726325 0.172633 0.172633 2 1 0
0.728385 0.172838 0.172838 2 1 0
0.730448 0.173045 0.173045 2 1 0
0.732515 0.173252 0.173252 2 1 0
0.734587 0.173459 0.173459 2 1 0
0.736663 0.173666 0.173666 2 1 0
0.738743 0.173874 0.173874 2 1 0
0.740827 0.174083 0.174083 2 1 0
0.742915 0.174292 0.174292 2 1 0
0.745008 0.174501 0.174501 2 1 0
0.747106 0.174711 0.174711 2 1 0
0.749207 0.174921 0.174921 2 1 0
0.751314 0.175131 0.175131 2 1 0
0.753424 0.175342 0.175342 2 1 0
0.755539 0.175554 0.175554 2 1 0
0.757659 0.175766 0.175766 2 1 0
0.759783 0.175978 0.175978 2 1 0
0.761912 0.176191 0.176191 2 1 0
0.764046 0.176405 0.176405 2 1 0
0.766184 0.176618 0.176618 2 1 0
0.768327 0.176833 0.176833 2 1 0
0.770475 0.177047 0.177047 2 1 0
0.772627 0.177263 0.177263 2 1 0
0.774785 0.177478 0.177478 2 1 0
0.776947 0.177695 0.177695 2 1 0
0.779114 0.177911 0.177911 2 1 0
0.781286 0.178129 0.178129 2 1 0
0.783463 0.178346 0.178346 2 1 0
0.785645 0.178565 0.178565 2 1 0
0.787832 0.178783 0.178783 2 1 0
0.790024 0.179002 0.179002 2 1 0
0.792222 0.179222 0.179222 2 1 0
0.794424 0.179442 0.179442 2 1 0
0.796632 0.179663 0.179663 2 1 0
0.798845 0.179884 0.179884 2 1 0
0.801063 0.180106 0.180106 2 1 0
0.803286 0.180329 0.180329 2 1 0
0.805515 0.180552 0.180552 2 1 0
0.807749 0.180775 0.180775 2 1 0
0.809989 0.180999 0.180999 2 1 0
0.812234 0.181223 0.181223 2 1 0
0.814485 0.181448 0.181448 2 1 0
0.816741 0.181674 0.181674 2 1 0
0.819003 0.1819 0.1819 2 1 0
0.82127 0.182127 0.182127 2 1 0
0.823543 0.182354 0.182354 2 1 0
0.825822 0.182582 0.182582 2 1 0
0.828107 0.182811 0.182811 2 1 0
0.830397 0.18304 0.18304 2 1 0
0.832694 0.183269 0.183269 2 1 0
0.834996 0.1835 0.1835 2 1 0
0.837304 0.18373 0.18373 2 1 0
0.839618 0.183962 0.183962 2 1 0
0.841938 0.184194 0.184194 2 1 0
0.844264 0.184426 0.184426 2 1 0
0.846596 0.18466 0.18466 2 1 0
0.848935 0.184893 0.184893 2 1 0
0.851279 0.185128 0.185128 2 1 0
0.85363 0.185363 0.185363 2 1 0
0.855988 0.185599 0.185599 2 1 0
0.858351 0.185835 0.185835 2 1 0
0.860721 0.186072 0.186072 2 1 0
0.863097 0.18631 0.18631 2 1 0
0.86548 0.186548 0.186548 2 1 0
0.867869 0.186787 0.186787 2 1 0
0.870265 0.187027 0.187027 2 1 0
0.872668 0.187267 0.187267 2 1 0
0.875077 0.187508 0.187508 2 1 0
0.877493 0.187749 0.187749 2 1 0
0.879916 0.187992 0.187992 2 1 0
0.882345 0.188235 0.188235 2 1 0
0.884781 0.188478 0.188478 2 1 0
0.887225 0.188722 0.188722 2 1 0
0.889675 0.188967 0.188967 2 1 0
0.892132 0.189213 0.189213 2 1 0
0.894597 0.18946 0.18946 2 1 0
0.897068 0.189707 0.189707 2 1 0
0.899547 0.189955 0.189955 2 1 0
0.902033 0.190203 0.190203 2 1 0
0.904526 0.190453 0.190453 2 1 0
0.907026 0.190703 0.190703 2 1 0
0.909534 0.190953 0.190953 2 1 0
0.91205 0.191205 0.191205 2 1 0
0.914572 0.191457 0.191457 2 1 0
0.917103 0.19171 0.19171 2 1 0
0.919641 0.191964 0.191964 2 1 0
0.922186 0.192219 0.192219 2 1 0
0.92474 0.192474 0.192474 2 1 0
0.927301 0.19273 0.19273 2 1 0
0.92987 0.192987 0.192987 2 1 0
0.932447 0.193245 0.193245 2 1 0
0.935032 0.193503 0.193503 2 1 0
0.937625 0.193762 0.193762 2 1 0
0.940226 0.194023 0.194023 2 1 0
0.942835 0.194283 0.194283 2 1 0
0.945452 0.194545 0.194545 2 1 0
0.948078 0.194808 0.194808 2 1 0
0.950712 0.195071 0.195071 2 1 0
0.953354 0.195335 0.195335 2 1 0
0.956005 0.1956 0.1956 2 1 0
0.958664 0.195866 0.195866 2 1 0
0.961332 0.196133 0.196133 2 1 0
0.964008 0.196401 0.196401 2 1 0
0.966694 0.196669 0.196669 2 1 0
0.969388 0.196939 0.196939 2 1 0
0.97209 0.197209 0.197209 2 1 0
0.974802 0.19748 0.19748 2 1 0
0.977523 0.197752 0.197752 2 1 0
0.980253 0.198025 0.198025 2 1 0
0.982991 0.198299 0.198299 2 1 0
0.98574 0.198574 0.198574 2 1 0
0.988497 0.19885 0.19885 2 1 0
0.991263 0.199126 0.199126 2 1 0
0.994039 0.199404 0.199404 2 1 0
0.996825 0.199682 0.199682 2 1 0
0.99962 0.199962 0.199962 2 1 0
1.00242 0.200242 0.200242 2 1 0
1.00524 0.200524 0.200524 2 1 0
1.00806 0.200806 0.200806 2 1 0
1.0109 0.20109 0.20109 2 1 0
1.01374 0.201374 0.201374 2 1 0
1.01659 0.201659 0.201659 2 1 0
1.01946 0.201946 0.201946 2 1 0
1.02233 0.202233 0.202233 2 1 0
1.02522 0.202522 0.202522 2 1 0
1.02811 0.202811 0.202811 2 1 0
1.03102 0.203102 0.203102 2 1 0
1.03393 0.203393 0.203393 2 1 0
1.03686 0.203686 0.203686 2 1 0
1.03979 0.203979 0.203979 2 1 0
1.04274 0.204274 0.204274 2 1 0
1.0457 0.20457 0.20457 2 1 0
1.04867 0.204867 0.204867 2 1 0
1.05165 0.205165 0.205165 2 1 0
1.05464 0.205464 0.205464 2 1 0
1.05764 0.205764 0.205764 2 1 0
1.06066 0.206066 0.206066 2 1 0
1.06368 0.206368 0.206368 2 1 0
1.06672 0.206672 0.206672 2 1 0
1.06976 0.206976 0.206976 2 1 0
1.07282 0.207282 0.207282 2 1 0
1.0759 0.20759 0.20759 2 1 0
1.07898 0.207898 0.207898 2 1 0
1.08207 0.208207 0.208207 2 1 0
1.08518 0.208518 0.208518 2 1 0
1.0883 0.20883 0.20883 2 1 0
1.09143 0.209143 0.209143 2 1 0
1.09457 0.209457 0.209457 2 1 0
1.09773 0.209773 0.209773 2 1 0
1.1009 0.21009 0.21009 2 1 0
1.10408 0.210408 0.210408 2 1 0
1.10727 0.210727 0.210727 2 1 0
1.11048 0.211048 0.211048 2 1 0
1.1137 0.21137 0.21137 2 1 0
1.11693 0.211693 0.211693 2 1 0
1.12017 0.212017 0.212017 2 1 0
1.12343 0.212343 0.212343 2 1 0
1.12671 0.212671 0.212671 2 1 0
1.12999 0.212999 0.212999 2 1 0
1.13329 0.213329 0.213329 2 1 0
1.1366 0.21366 0.21366 2 1 0
1.13993 0.213993 0.213993 2 1 0
1.14327 0.214327 0.214327 2 1 0
1.14662 0.214662 0.214662 2 1 0
1.14999 0.214999 0.214999 2 1 0
1.15337 0.215337 0.215337 2 1 0
1.15677 0.215677 0.215677 2 1 0
1.16018 0.216018 0.216018 2 1 0
1.16361 0.216361 0.216361 2 1 0
1.16705 0.216705 0.216705 2 1 0
1.17051 0.217051 0.217051 2 1 0
1.17398 0.217398 0.217398 2 1 0
1.17747 0.217747 0.217747 2 1 0
1.18097 0.218097 0.218097 2 1 0
1.18448 0.218448 0.218448 2 1 0
1.18802 0.218802 0.218802 2 1 0
1.19157 0.219157 0.219157 2 1 0
1.19513 0.219513 0.219513 2 1 0
1.19871 0.219871 0.219871 2 1 0
1.20231 0.220231 0.220231 2 1 0
1.20592 0.220592 0.220592 2 1 0
1.20955 0.220955 0.220955 2 1 0
1.21319 0.221319 0.221319 2 1 0
1.21686 0.221686 0.221686 2 1 0
1.22053 0.222053 0.222053 2 1 0
1.22423 0.222423 0.222423 2 1 0
1.22794 0.222794 0.222794 2 1 0
1.23167 0.223167 0.223167 2 1 0
1.23542 0.223542 0.223542 2 1 0
1.23919 0.223919 0.223919 2 1 0
1.24297 0.224297 0.224297 2 1 0
1.24677 0.224677 0.224677 2 1 0
1.25059 0.225059 0.225059 2 1 0
1.25443 0.225443 0.225443 2 1 0
1.25829 0.225829 0.225829 2 1 0
1.26216 0.226216 0.226216 2 1 0
1.26606 0.226606 0.226606 2 1 0
1.26997 0.226997 0.226997 2 1 0
1.2739 0.22739 0.22739 2 1 0
1.27785 0.227785 0.227785 2 1 0
1.28182 0.228182 0.228182 2 1 0
1.28582 0.228582 0.228582 2 1 0
1.28983 0.228983 0.228983 2 1 0
1.29386 0.229386 0.229386 2 1 0
1.29791 0.229791 0.229791 2 1 0
1.30198 0.230198 0.230198 2 1 0
1.30607 0.230607 0.230607 2 1 0
1.31018 0.231018 0.231018 2 1 0
1.31432 0.231432 0.231432 2 1 0
1.31847 0.231847 0.231847 2 1 0
1.32265 0.232265 0.232265 2 1 0
1.32685 0.232685 0.232685 2 1 0
1.33107 0.233107 0.233107 2 1 0
1.33531 0.233531 0.233531 2 1 0
1.33958 0.233958 0.233958 2 1 0
1.34387 0.234387 0.234387 2 1 0
1.34818 0.234818 0.234818 2 1 0
1.35251 0.235251 0.235251 2 1 0
1.35687 0.235687 0.235687 2 1 0
1.36125 0.236125 0.236125 2 1 0
1.36565 0.236565 0.236565 2 1 0
1.37008 0.237008 0.237008 2 1 0
1.37453 0.237453 0.237453 2 1 0
1.37901 0.237901 0.237901 2 1 0
1.38351 0.238351 0.238351 2 1 0
1.38804 0.238804 0.238804 2 1 0
1.39259 0.239259 0.239259 2 1 0
1.39717 0.239717 0.239717 2 1 0
1.40177 0.240177 0.240177 2 1 0
1.4064 0.24064 0.24064 2 1 0
1.41105 0.241105 0.241105 2 1 0
1.41574 0.241574 0.241574 2 1 0
1.42044 0.242044 0.242044 2 1 0
1.42518 0.242518 0.242518 2 1 0
1.42994 0.242994 0.242994 2 1 0
1.43473 0.243473 0.243473 2 1 0
1.43955 0.243955 0.243955 2 1 0
1.4444 0.24444 0.24444 2 1 0
1.44928 0.244928 0.244928 2 1 0
1.45418 0.245418 0.245418 2 1 0
1.45912 0.245912 0.245912 2 1 0
1.46408 0.246408 0.246408 2 1 0
1.46907 0.246907 0.246907 2 1 0
1.4741 0.24741 0.24741 2 1 0
1.47915 0.247915 0.247915 2 1 0
1.48424 0.248424 0.248424 2 1 0
1.48935 0.248935 0.248935 2 1 0
1.4945 0.24945 0.24945 2 1 0
1.49968 0.249968 0.249968 2 1 0
1.5049 0.25049 0.25049 2 1 0
1.51014 0.251014 0.251014 2 1 0
1.51542 0.251542 0.251542 2 1 0
1.52073 0.252073 0.252073 2 1 0
1.52608 0.252608 0.252608 2 1 0
1.53146 0.253146 0.253146 2 1 0
1.53687 0.253687 0.253687 2 1 0
1.54232 0.254232 0.254232 2 1 0
1.5478 0.25478 0.25478 2 1 0
1.55332 0.255332 0.255332 2 1 0
1.55888 0.255888 0.255888 2 1 0
1.56447 0.256447 0.256447 2 1 0
1.57011 0.257011 0.257011 2 1 0
1.57577 0.257577 0.257577 2 1 0
1.58148 0.258148 0.258148 2 1 0
1.58722 0.258722 0.258722 2 1 0
1.59301 0.259301 0.259301 2 1 0
1.59883 0.259883 0.259883 2 1 0
1.60469 0.260469 0.260469 2 1 0
1.6106 0.26106 0.26106 2 1 0
1.61654 0.261654 0.261654 2 1 0
1.62252 0.262252 0.262252 2 1 0
1.62855 0.262855 0.262855 2 1 0
1.63462 0.263462 0.263462 2 1 0
1.64073 0.264073 0.264073 2 1 0
1.64689 0.264689 0.264689 2 1 0
1.65309 0.265309 0.265309 2 1 0
1.65933 0.265933 0.265933 2 1 0
1.66562 0.266562 0.266562 2 1 0
1.67195 0.267195 0.267195 2 1 0
1.67834 0.267834 0.267834 2 1 0
1.68476 0.268476 0.268476 2 1 0
1.69124 0.269124 0.269124 2 1 0
1.69776 0.269776 0.269776 2 1 0
1.70433 0.270433 0.270433 2 1 0
1.71095 0.271095 0.271095 2 1 0
1.71763 0.271763 0.271763 2 1 0
1.72435 0.272435 0.272435 2 1 0
1.73112 0.273112 0.273112 2 1 0
1.73795 0.273795 0.273795 2 1 0
1.74482 0.274482 0.274482 2 1 0
1.75175 0.275175 0.275175 2 1 0
1.75874 0.275874 0.275874 2 1 0
1.76578 0.276578 0.276578 2 1 0
1.77288 0.277288 0.277288 2 1 0
1.78003 0.278003 0.278003 2 1 0
1.78724 0.278724 0.278724 2 1 0
1.7945 0.27945 0.27945 2 1 0
1.80183 0.280183 0.280183 2 1 0
1.80921 0.280921 0.280921 2 1 0
1.81666 0.281666 0.281666 2 1 0
1.82417 0.282417 0.282417 2 1 0
1.83174 0.283174 0.283174 2 1 0
1.83937 0.283937 0.283937 2 1 0
1.84706 0.284706 0.284706 2 1 0
1.85482 0.285482 0.285482 2 1 0
1.86265 0.286265 0.286265 2 1 0
1.87054 0.287054 0.287054 2 1 0
1.8785 0.28785 0.28785 2 1 0
1.88653 0.288653 0.288653 2 1 0
1.89463 0.289463 0.289463 2 1 0
1.9028 0.29028 0.29028 2 1 0
1.91104 0.291104 0.291104 2 1 0
1.91935 0.291935 0.291935 2 1 0
1.92774 0.292774 0.292774 2 1 0
1.93621 0.293621 0.293621 2 1 0
1.94474 0.294474 0.294474 2 1 0
1.95336 0.295336 0.295336 2 1 0
1.96206 0.296206 0.296206 2 1 0
1.97083 0.297083 0.297083 2 1 0
1.97968 0.297968 0.297968 2 1 0
1.98862 0.298862 0.298862 2 1 0
1.99764 0.299764 0.299764 2 1 0
2.00675 0.300675 0.300675 2 1 0
2.01594 0.301594 0.301594 2 1 0
2.02522 0.302522 0.302522 2 1 0
2.03459 0.303459 0.303459 2 1 0
2.04405 0.304405 0.304405 2 1 0
2.0536 0.30536 0.30536 2 1 0
2.06324 0.306324 0.306324 2 1 0
2.07298 0.307298 0.307298 2 1 0
2.08281 0.308281 0.308281 2 1 0
2.09275 0.309275 0.309275 2 1 0
2.10278 0.310278 0.310278 2 1 0
2.11291 0.311291 0.311291 2 1 0
2.12315 0.312315 0.312315 2 1 0
2.13349 0.313349 0.313349 2 1 0
2.14393 0.314393 0.314393 2 1 0
2.15449 0.315449 0.315449 2 1 0
2.16515 0.316515 0.316515 2 1 0
2.17593 0.317593 0.317593 2 1 0
2.18682 0.318682 0.318682 2 1 0
2.19782 0.319782 0.319782 2 1 0
2.20895 0.320895 0.320895 2 1 0
2.22019 0.322019 0.322019 2 1 0
2.23155 0.323155 0.323155 2 1 0
2.24304 0.324304 0.324304 2 1 0
2.25466 0.325466 0.325466 2 1 0
2.2664 0.32664 0.32664 2 1 0
2.27827 0.327827 0.327827 2 1 0
2.29028 0.329028 0.329028 2 1 0
2.30242 0.330242 0.330242 2 1 0
2.3147 0.33147 0.33147 2 1 0
2.32712 0.332712 0.332712 2 1 0
2.33968 0.333968 0.333968 2 1 0
2.35239 0.335239 0.335239 2 1 0
2.36525 0.336525 0.336525 2 1 0
2.37826 0.337826 0.337826 2 1 0
2.39142 0.339142 0.339142 2 1 0
2.40473 0.340473 0.340473 2 1 0
2.41821 0.341821 0.341821 2 1 0
2.43185 0.343185 0.343185 2 1 0
2.44565 0.344565 0.344565 2 1 0
2.45962 0.345962 0.345962 2 1 0
2.47377 0.347377 0.347377 2 1 0
2.48808 0.348808 0.348808 2 1 0
2.50258 0.350258 0.350258 2 1 0
2.51726 0.351726 0.351726 2 1 0
2.53212 0.353212 0.353212 2 1 0
2.54717 0.354717 0.354717 2 1 0
2.56241 0.356241 0.356241 2 1 0
2.57785 0.357785 0.357785 2 1 0
2.59349 0.359349 0.359349 2 1 0
2.60933 0.360933 0.360933 2 1 0
2.62538 0.362538 0.362538 2 1 0
2.64164 0.364164 0.364164 2 1 0
2.65811 0.365811 0.365811 2 1 0
2.67481 0.367481 0.367481 2 1 0
2.69173 0.369173 0.369173 2 1 0
2.70887 0.370887 0.370887 2 1 0
2.72625 0.372625 0.372625 2 1 0
2.74386 0.374386 0.374386 2 1 0
2.76172 0.376172 0.376172 2 1 0
2.77982 0.377982 0.377982 2 1 0
2.79817 0.379817 0.379817 2 1 0
2.81678 0.381678 0.381678 2 1 0
2.83564 0.383564 0.383564 2 1 0
2.85477 0.385477 0.385477 2 1 0
2.87417 0.387417 0.387417 2 1 0
2.89385 0.389385 0.389385 2 1 0
2.91381 0.391381 0.391381 2 1 0
2.93405 0.393405 0.393405 2 1 0
2.95458 0.395458 0.395458 2 1 0
2.97541 0.397541 0.397541 2 1 0
2.99654 0.399654 0.399654 2 1 0
3.01797 0.401797 0.401797 2 1 0
3.03972 0.403972 0.403972 2 1 0
3.06178 0.406178 0.406178 2 1 0
3.06985 0.406985 0.406985 1 1 0
3.09236 0.409236 0.409236 1 1 0
3.11519 0.411519 0.411519 1 1 0
3.13836 0.413836 0.413836 1 1 0
3.16188 0.416188 0.416188 1 1 0
3.18573 0.418573 0.418573 1 1 0
3.20994 0.420994 0.420994 1 1 0
3.23451 0.423451 0.423451 1 1 0
3.25944 0.425944 0.425944 1 1 0
3.28473 0.428473 0.428473 1 1 0
3.3104 0.43104 0.43104 1 1 0
3.33645 0.433645 0.433645 1 1 0
3.36288 0.436288 0.436288 1 1 0
3.3897 0.43897 0.43897 1 1 0
3.41691 0.441691 0.441691 1 1 0
3.44451 0.444451 0.444451 1 1 0
3.47252 0.447252 0.447252 1 1 0
3.50093 0.450093 0.450093 1 1 0
3.52975 0.452975 0.452975 1 1 0
3.55898 0.455898 0.455898 1 1 0
3.58863 0.458863 0.458863 1 1 0
3.61869 0.461869 0.461869 1 1 0
3.64918 0.464918 0.464918 1 1 0
3.68009 0.468009 0.468009 1 1 0
3.71142 0.471142 0.471142 1 1 0
3.74319 0.474319 0.474319 1 1 0
3.77538 0.477538 0.477538 1 1 0
3.808 0.4808 0.4808 1 1 0
3.84105 0.484105 0.484105 1 1 0
3.87453 0.487453 0.487453 1 1 0
3.90843 0.490843 0.490843 1 1 0
3.94277 0.494277 0.494277 1 1 0
3.97753 0.497753 0.497753 1 1 0
4.01272 0.501272 0.501272 1 1 0
0.629831 0.162983 0.162983 4 2 0
0.629898 0.166467 0.159566 3 2 0
0.630177 0.171259 0.155083 3 2 0
0.630523 0.175506 0.151319 3 2 0
0.630973 0.181156 0.146634 3 2 0
0.631274 0.18666 0.142431 3 2 0
0.631423 0.192103 0.138597 3 2 0
0.631479 0.197415 0.135145 3 2 0
0.631496 0.20252 0.132039 3 2 0
0.631501 0.207432 0.129244 4 2 0
0.631502 0.212194 0.126697 4 2 0
0.631502 0.216805 0.124363 4 2 0
0.631502 0.221329 0.122207 4 2 0
0.631502 0.225763 0.12018 4 2 0
0.631502 0.230115 0.118295 4 2 0
0.631502 0.23445 0.116506 4 2 0
0.631502 0.236029 0.115868 4 2 0
0.631502 0.240292 0.114212 4 2 0
0.631502 0.244541 0.112634 4 2 0
0.631502 0.248768 0.111123 4 2 0
0.631502 0.252989 0.109683 4 2 0
0.631502 0.257219 0.108297 3 2 0
0.631502 0.261453 0.106964 3 2 0
0.631502 0.265698 0.105681 3 2 0
0.631502 0.269989 0.104444 3 2 0
0.631502 0.274281 0.103245 3 2 0
0.631502 0.278602 0.102084 3 2 0
0.631502 0.282919 0.100965 3 2 0
0.631502 0.287318 0.0998748 3 2 0
0.631502 0.291763 0.0988078 3 2 0
0.631502 0.296135 0.0977912 3 2 0
0.631502 0.300684 0.0967828 3 2 0
0.631502 0.305286 0.0957997 3 2 0
0.631502 0.309907 0.0948471 3 2 0
0.631502 0.31461 0.093911 3 2 0
0.631502 0.319415 0.0929934 3 2 0
0.631502 0.324256 0.0921042 3 2 0
0.631502 0.329213 0.0912253 3 2 0
0.631502 0.334241 0.0903655 3 2 0
0.631502 0.339347 0.0895386 3 2 0
0.631502 0.344542 0.0887112 3 2 0
0.631502 0.34981 0.0878947 3 2 0
0.631502 0.355199 0.0871003 3 2 0
0.631502 0.360768 0.0863281 3 2 0
0.631502 0.366435 0.0855712 3 2 0
0.631502 0.372608 0.0847471 4 2 0
0.631502 0.378583 0.0840091 3 2 0
0.631502 0.384671 0.0833049 3 2 0
0.631502 0.393193 0.0822961 4 2 0
0.631502 0.399705 0.081606 3 2 0
0.631502 0.399706 0.0816059 3 2 0
0.631503 0.399751 0.0816054 4 2 0
0.631503 0.40649 0.0809027 4 2 0
0.631503 0.410409 0.080515 4 2 0
0.631502 0.414428 0.0801354 3 2 0
0.631502 0.421526 0.0794432 3 2 0
0.631502 0.428772 0.0787851 3 2 0
0.631503 0.432915 0.0784468 4 2 0
0.631503 0.440654 0.0778077 4 2 0
0.631503 0.448598 0.0771509 4 2 0
0.631503 0.457085 0.0765125 4 2 0
0.631503 0.465801 0.0758923 4 2 0
0.631503 0.464531 0.07598 4 2 0
0.631503 0.473472 0.0753957 4 2 0
0.631503 0.482725 0.0747683 4 2 0
0.631503 0.49222 0.0741572 4 2 0
0.631503 0.502726 0.0735803 4 2 0
0.631503 0.513228 0.0730138 3 2 0
0.631503 0.524801 0.072409 3 2 0
0.631503 0.536995 0.0718476 4 2 0
0.631503 0.537391 0.0718284 4 2 0
0.631503 0.549756 0.0712568 4 2 0
0.631503 0.56777 0.0705534 3 2 0
0.631503 0.582798 0.0700067 3 2 0
0.631503 0.598529 0.0694808 3 2 0
0.631503 0.616667 0.0689336 3 2 0
0.631503 0.635947 0.0684132 3 2 0
0.631503 0.645275 0.0681786 3 2 0
0.631503 0.645395 0.0682108 4 2 0
0.631503 0.669208 0.0677062 4 2 0
0.631503 0.694322 0.0671667 4 2 0
0.631503 0.694669 0.0671734 4 2 0
0.631503 0.726605 0.0666594 4 2 0
0.631503 0.761703 0.0662101 4 2 0
0.631503 0.787354 0.0659509 4 2 0
0.631503 0.832068 0.0656065 4 2 0
0.631503 0.880617 0.0653535 4 2 0
0.631508 0.882313 0.0654252 4 2 0
0.631513 0.740006 0.0668932 4 2 0
0.631511 0.777822 0.066292 4 2 0
0.631502 0.791405 0.0659517 4 2 0
0.631502 0.835906 0.0655959 4 2 0
0.631503 0.884917 0.0653385 4 2 0
0.631504 0.978649 0.0652734 3 2 0
0.631504 1.01653 0.0652042 3 2 0
0.631504 1.05224 0.0651436 3 2 0
0.631502 1.0996 0.0647625 3 2 0
0.631503 1.12876 0.0646965 3 2 0
0.631504 1.1559 0.0646212 4 2 0
0.6315 1.18166 0.0646745 4 2 0
0.631501 1.20658 0.0646326 4 2 0
0.631502 1.229 0.0645919 4 2 0
0.6315 1.25197 0.0648606 4 2 0
0.631501 1.27364 0.0648911 4 2 0
0.631502 1.29351 0.0649514 4 2 0
0.631502 1.31326 0.064956 4 2 0
0.631503 1.33262 0.0649779 4 2 0
0.631504 1.34993 0.0650254 4 2 0
0.631508 1.36821 0.0650765 4 2 0
0.631514 1.38425 0.0652231 4 2 0
0.631521 1.40097 0.0654578 4 2 0
0.631505 1.41885 0.0649997 4 2 0
0.631508 1.43474 0.0650305 4 2 0
0.63151 1.44802 0.0650833 4 2 0
0.631508 1.46049 0.0649901 4 2 0
0.631512 1.47248 0.0651127 4 2 0
0.63152 1.48373 0.0653329 4 2 0
0.631548 1.4923 0.065158 4 2 0
0.631645 1.50154 0.0649414 4 2 0
0.631887 1.50876 0.0646615 4 2 0
0.632357 1.51343 0.0648803 3 2 0
0.633019 1.51821 0.0648267 3 2 0
0.633852 1.52185 0.0647695 3 2 0
0.634811 1.52446 0.0646955 3 2 0
0.635899 1.52681 0.0646334 3 2 0
0.637058 1.52885 0.0645422 3 2 0
0.638286 1.52996 0.064041 3 2 0
0.639572 1.53154 0.0638463 3 2 0
0.640906 1.53341 0.0636409 3 2 0
0.642284 1.5359 0.0641951 3 2 0
0.6437 1.53728 0.0640155 3 2 0
0.64515 1.53862 0.0638474 3 2 0
0.646631 1.54035 0.063568 3 2 0
0.648142 1.5416 0.0633004 3 2 0
0.64968 1.54278 0.0630075 3 2 0
0.651238 1.54415 0.0634197 3 2 0
0.652954 1.54535 0.0632163 3 2 0
0.654566 1.54642 0.0630183 3 2 0
0.656203 1.54617 0.0623586 3 2 0
0.657881 1.54758 0.0623212 3 2 0
0.659553 1.54894 0.062345 3 2 0
0.661266 1.55082 0.0630878 3 2 0
0.663003 1.55188 0.0629972 3 2 0
0.664735 1.55291 0.0629147 3 2 0
0.666485 1.55355 0.0627016 3 2 0
0.668253 1.55455 0.0626062 3 2 0
0.670037 1.55552 0.0625192 3 2 0
0.671839 1.5561 0.0621062 3 2 0
0.673657 1.55706 0.0619376 3 2 0
0.675492 1.55801 0.0617652 3 2 0
0.677342 1.55847 0.0619955 3 2 0
0.679209 1.55926 0.0618432 3 2 0
0.681091 1.56004 0.061689 3 2 0
0.682989 1.56183 0.0620005 3 2 0
0.684904 1.56263 0.0618288 3 2 0
0.686832 1.56342 0.0616501 3 2 0
0.688777 1.56424 0.0607517 3 2 0
0.690736 1.56501 0.0605376 3 2 0
0.69271 1.56576 0.060315 3 2 0
0.694706 1.56608 0.0612449 3 2 0
0.696743 1.56689 0.0611168 3 2 0
0.698762 1.56768 0.0609929 3 2 0
0.70079 1.5687 0.0608206 3 2 0
0.702853 1.56942 0.0607012 3 2 0
0.704916 1.57011 0.0605864 3 2 0
0.706996 1.57079 0.0600714 3 2 0
0.709091 1.57147 0.0599192 3 2 0
0.711199 1.57214 0.0597677 3 2 0
0.713318 1.57235 0.0600161 3 2 0
0.715473 1.57303 0.0598923 3 2 0
0.717626 1.5737 0.0597732 3 2 0
0.719794 1.57355 0.0595957 3 2 0
0.721976 1.57423 0.0594878 3 2 0
0.724174 1.5749 0.0593874 3 2 0
0.726384 1.5755 0.0597187 3 2 0
0.728614 1.57605 0.0595877 3 2 0
0.730856 1.5766 0.0594582 3 2 0
0.733111 1.57759 0.0590391 3 2 0
0.735385 1.5782 0.0588479 3 2 0
0.737671 1.57881 0.0586491 3 2 0
0.739966 1.57992 0.0586844 3 2 0
0.742317 1.58047 0.0584389 3 2 0
0.744648 1.58099 0.0581957 3 2 0
0.74699 1.58157 0.0585415 3 2 0
0.749385 1.58209 0.0585434 3 2 0
0.751763 1.58259 0.0585697 3 2 0
0.754163 1.5825 0.0581092 3 2 0
0.756577 1.58302 0.0579819 3 2 0
0.759002 1.58353 0.0578571 3 2 0
0.761442 1.58386 0.0576887 3 2 0
0.763898 1.58435 0.057612 3 2 0
0.76637 1.58484 0.0575489 3 2 0
0.768854 1.58587 0.0577766 3 2 0
0.771369 1.58631 0.0576487 3 2 0
0.773888 1.58674 0.057523 3 2 0
0.776426 1.58704 0.0569189 3 2 0
0.77898 1.58744 0.0567792 3 2 0
0.781548 1.58783 0.0566411 3 2 0
0.784134 1.58826 0.0571111 3 2 0
0.786737 1.58863 0.0569871 3 2 0
0.789354 1.58899 0.056865 3 2 0
0.791992 1.58932 0.0563228 3 2 0
0.79465 1.58967 0.0561619 3 2 0
0.797317 1.59001 0.0559986 3 2 0
0.799998 1.59055 0.0560126 3 2 0
0.80271 1.59088 0.0558807 3 2 0
0.805429 1.5912 0.0557517 3 2 0
0.808164 1.59144 0.0558563 3 2 0
0.810918 1.59174 0.0557408 3 2 0
0.813688 1.59203 0.0556293 3 2 0
0.816477 1.5921 0.0558577 3 2 0
0.819284 1.59236 0.055737 3 2 0
0.822107 1.59261 0.0556183 3 2 0
0.824947 1.59311 0.0554366 3 2 0
0.827806 1.59336 0.0553527 3 2 0
0.830683 1.5936 0.0552759 3 2 0
0.833579 1.59263 0.0551123 3 2 0
0.836493 1.5929 0.0550047 3 2 0
0.839425 1.59316 0.054901 3 2 0
0.842375 1.59463 0.0548936 3 2 0
0.845344 1.59483 0.0548432 3 2 0
0.848332 1.59502 0.0548059 3 2 0
0.851348 1.5952 0.0513097 3 2 0
0.854431 1.59537 0.0509946 3 2 0
0.857453 1.59548 0.0507049 3 2 0
0.860838 1.5946 0.0543604 3 2 0
0.86447 1.5948 0.0542577 3 2 0
0.867579 1.59496 0.0541378 3 2 0
0.870709 1.59506 0.0538904 3 2 0
0.873857 1.5952 0.0537662 3 2 0
0.877026 1.59534 0.0536435 3 2 0
0.880214 1.59626 0.0536124 3 2 0
0.883422 1.59635 0.0535068 3 2 0
0.886651 1.59644 0.0534051 3 2 0
0.889904 1.59664 0.053334 3 2 0
0.893178 1.5967 0.0532733 3 2 0
0.896469 1.59674 0.0532238 3 2 0
0.899793 1.5963 0.0548771 3 2 0
0.903181 1.59629 0.0551707 3 2 0
0.906535 1.59626 0.0549152 3 2 0
0.909962 1.59681 0.0507634 3 2 0
0.91362 1.59684 0.0502342 3 2 0
0.91703 1.59685 0.0497138 3 2 0
0.92043 1.59686 0.0523506 3 2 0
0.923916 1.59683 0.0522295 3 2 0
0.927375 1.59674 0.0521126 3 2 0
0.930937 1.59611 0.0521344 3 2 0
0.934476 1.59605 0.0520478 3 2 0
0.938032 1.59599 0.0519684 3 2 0
0.94161 1.59539 0.0518725 3 2 0
0.945212 1.59529 0.0518219 3 2 0
0.948837 1.59518 0.0517547 3 2 0
0.952486 1.59601 0.0516357 3 2 0
0.956158 1.5959 0.0515354 3 2 0
0.959854 1.59577 0.0514387 3 2 0
0.963578 1.59517 0.0517071 3 2 0
0.967329 1.595 0.0517402 3 2 0
0.971097 1.59482 0.0517993 3 2 0
0.974887 1.59504 0.0521431 3 2 0
0.978704 1.59487 0.0523153 3 2 0
0.982546 1.59468 0.0525354 3 2 0
0.986494 1.59457 0.0414837 3 2 0
0.992187 1.59358 0.040692 3 2 0
0.995423 1.59394 0.0405965 3 2 0
1.00152 1.5935 0.0504903 3 2 0
1.00571 1.59316 0.05038 3 2 0
1.00972 1.5928 0.0502766 3 2 0
1.01379 1.59185 0.0501812 3 2 0
1.01787 1.59155 0.0501061 3 2 0
1.02197 1.59124 0.0500332 3 2 0
1.0261 1.59178 0.0499555 3 2 0
1.03025 1.59144 0.0498576 3 2 0
1.03443 1.59109 0.0497641 3 2 0
1.03864 1.5909 0.0498702 3 2 0
1.04287 1.59053 0.0498679 3 2 0
1.04714 1.59014 0.0498861 3 2 0
1.05143 1.58865 0.0495259 3 2 0
1.05575 1.5882 0.0494368 3 2 0
1.06009 1.58772 0.0493506 3 2 0
1.06446 1.5879 0.0492222 3 2 0
1.06887 1.58746 0.0491302 3 2 0
1.07331 1.587 0.0490436 3 2 0
1.07777 1.58582 0.0493809 3 2 0
1.08228 1.58536 0.0494423 3 2 0
1.0868 1.58489 0.049535 3 2 0
1.09136 1.58559 0.0469537 3 2 0
1.09597 1.58509 0.0468908 3 2 0
1.10057 1.58457 0.0468788 3 2 0
1.10536 1.58291 0.0485308 3 2 0
1.11019 1.58233 0.0484546 3 2 0
1.1149 1.58176 0.0483888 3 2 0
1.11964 1.58163 0.0483155 3 2 0
1.12442 1.58104 0.0482262 3 2 0
1.12922 1.58043 0.0481418 3 2 0
1.13406 1.5797 0.0480828 3 2 0
1.13894 1.57907 0.0480468 3 2 0
1.14384 1.57842 0.0480254 3 2 0
1.14878 1.57829 0.047953 3 2 0
1.15375 1.5776 0.0478643 3 2 0
1.15876 1.5769 0.047779 3 2 0
1.16379 1.57642 0.0476497 3 2 0
1.16886 1.5757 0.0475763 3 2 0
1.17397 1.57497 0.047491 3 2 0
1.17912 1.57343 0.0474821 3 2 0
1.18429 1.57268 0.0474699 3 2 0
1.18951 1.57192 0.0474767 3 2 0
1.19476 1.57176 0.0474664 3 2 0
1.20004 1.57095 0.0473658 3 2 0
1.20536 1.57012 0.0472671 3 2 0
1.21073 1.56933 0.0469552 3 2 0
1.21612 1.56849 0.0468794 3 2 0
1.22155 1.56764 0.0468113 3 2 0
1.22702 1.56687 0.0468433 3 2 0
1.23252 1.56599 0.0467681 3 2 0
1.23806 1.56509 0.0466991 3 2 0
1.24364 1.56425 0.0466051 3 2 0
1.24926 1.56332 0.0465606 3 2 0
1.25491 1.56237 0.0465292 3 2 0
1.26061 1.56106 0.046477 3 2 0
1.26634 1.5601 0.04643 3 2 0
1.27211 1.55912 0.0463933 3 2 0
1.27792 1.55798 0.0462408 3 2 0
1.28377 1.55696 0.0461781 3 2 0
1.28967 1.55593 0.0461246 3 2 0
1.2956 1.55501 0.0461015 3 2 0
1.30157 1.55395 0.0460845 3 2 0
1.30759 1.55288 0.0460855 3 2 0
1.31365 1.55147 0.0460222 3 2 0
1.31975 1.55038 0.0459474 3 2 0
1.32589 1.54928 0.0458773 3 2 0
1.33206 1.5485 0.0457444 3 2 0
1.33829 1.54735 0.0456816 3 2 0
1.34456 1.54618 0.045628 3 2 0
1.35087 1.54512 0.0455816 3 2 0
1.35723 1.54392 0.0455603 3 2 0
1.36363 1.5427 0.0455564 3 2 0
1.37007 1.54088 0.0454802 3 2 0
1.37656 1.53963 0.0454267 3 2 0
1.38309 1.53836 0.045382 3 2 0
1.38967 1.53765 0.045298 3 2 0
1.39629 1.53636 0.0452302 3 2 0
1.40296 1.53505 0.0451702 3 2 0
1.40968 1.5334 0.0451455 3 2 0
1.41644 1.53207 0.0451364 3 2 0
1.42325 1.53071 0.0451471 3 2 0
1.43011 1.52937 0.0450488 3 2 0
1.43701 1.52798 0.0450028 3 2 0
1.44396 1.52658 0.0449668 3 2 0
1.45096 1.52513 0.0448732 3 2 0
1.45801 1.5237 0.0448164 3 2 0
1.46511 1.52224 0.0447695 3 2 0
1.47226 1.52088 0.0447639 3 2 0
1.47945 1.51939 0.0447681 3 2 0
1.4867 1.51789 0.0447951 3 2 0
1.494 1.51627 0.044669 3 2 0
1.50134 1.51474 0.0446362 3 2 0
1.50874 1.51319 0.0446159 3 2 0
1.51619 1.51153 0.0445047 3 2 0
1.52369 1.50994 0.0444655 3 2 0
1.53124 1.50834 0.0444399 3 2 0
1.53885 1.50706 0.0444479 3 2 0
1.5465 1.50542 0.0444702 3 2 0
1.55421 1.50376 0.0445193 3 2 0
1.56198 1.50189 0.0443542 3 2 0
1.5698 1.50021 0.0443373 3 2 0
1.57767 1.4985 0.0443363 3 2 0
1.58559 1.49656 0.0442113 3 2 0
1.59357 1.49482 0.0441932 3 2 0
1.60161 1.49307 0.0441935 3 2 0
1.6097 1.49171 0.044174 3 2 0
1.61784 1.48991 0.0442025 3 2 0
1.62604 1.4881 0.0442597 3 2 0
1.6343 1.48605 0.0441512 3 2 0
1.64261 1.48421 0.0440988 3 2 0
1.65099 1.48235 0.0440517 3 2 0
1.65941 1.48013 0.0440249 3 2 0
1.6679 1.47825 0.0440551 3 2 0
1.67644 1.47634 0.0441148 3 2 0
1.68505 1.47492 0.0439516 3 2 0
1.69371 1.47298 0.0439248 3 2 0
1.70243 1.47101 0.043914 3 2 0
1.71121 1.46867 0.043976 3 2 0
1.72004 1.46668 0.0440472 3 2 0
1.72894 1.46467 0.0441577 3 2 0
1.7379 1.46282 0.0438809 3 2 0
1.74692 1.46077 0.0438498 3 2 0
1.756 1.45871 0.0438335 3 2 0
1.76514 1.45638 0.0439206 3 2 0
1.77434 1.45429 0.0440096 3 2 0
1.78361 1.45218 0.0441425 3 2 0
1.79293 1.45029 0.0437947 3 2 0
1.80232 1.44814 0.0437993 3 2 0
1.81177 1.44598 0.0438278 3 2 0
1.82129 1.44351 0.0439849 3 2 0
1.83086 1.44132 0.0441289 3 2 0
1.8405 1.43911 0.0440626 3 2 0
1.85021 1.43682 0.0437813 3 2 0
1.85998 1.43458 0.0438068 3 2 0
1.86981 1.43232 0.0438615 3 2 0
1.8797 1.43004 0.0440905 3 2 0
1.88967 1.42772 0.0440029 3 2 0
1.89969 1.42539 0.043917 3 2 0
1.90978 1.42322 0.0438484 3 2 0
1.91994 1.42085 0.0439275 3 2 0
1.93016 1.41847 0.0440499 3 2 0
1.94045 1.41635 0.0439589 3 2 0
1.95081 1.41394 0.0438903 3 2 0
1.96123 1.41152 0.0438282 3 2 0
1.97171 1.4084 0.0439769 3 2 0
1.98227 1.40593 0.0440598 3 2 0
1.99289 1.40344 0.0440008 3 2 0
2.00358 1.40167 0.0439294 3 2 0
2.01433 1.39917 0.0438937 3 2 0
2.02515 1.39665 0.0438734 3 2 0
2.03604 1.39365 0.044042 3 2 0
2.047 1.39113 0.0440101 3 2 0
2.05802 1.38859 0.0439944 3 2 0
2.06911 1.38572 0.0439993 3 2 0
2.08027 1.38311 0.0440315 3 2 0
2.0915 1.38049 0.0440978 3 2 0
2.1028 1.37858 0.0441098 3 2 0
2.11416 1.37594 0.0441662 3 2 0
2.12559 1.37328 0.0442634 3 2 0
2.13709 1.37057 0.0443381 3 2 0
2.14866 1.3679 0.0443457 3 2 0
2.16029 1.36521 0.0443544 3 2 0
2.172 1.36233 0.0443783 3 2 0
2.18377 1.35963 0.044419 3 2 0
2.19561 1.35692 0.0444959 3 2 0
2.20752 1.35367 0.0445396 3 2 0
2.21949 1.35088 0.0446014 3 2 0
2.23153 1.34807 0.0446098 3 2 0
2.24364 1.34602 0.0446402 3 2 0
2.25582 1.34322 0.0446997 3 2 0
2.26806 1.3404 0.0448015 3 2 0
2.28037 1.33735 0.0448158 3 2 0
2.29274 1.33455 0.0448444 3 2 0
2.30519 1.33172 0.0449081 3 2 0
2.31769 1.32904 0.0450159 3 2 0
2.33026 1.32616 0.0451836 3 2 0
2.3429 1.32327 0.0454273 3 2 0
2.3556 1.32037 0.0457692 3 2 0
2.36836 1.31747 0.046238 3 2 0
2.38119 1.31457 0.0465386 3 2 0
2.39407 1.31163 0.0455961 3 2 0
2.40702 1.30871 0.0454272 3 2 0
2.42003 1.30577 0.0452407 3 2 0
2.43311 1.30209 0.0455852 3 2 0
2.44624 1.29907 0.0458417 3 2 0
2.45943 1.29613 0.046125 3 2 0
2.47268 1.29337 0.0458757 3 2 0
2.48598 1.29033 0.0459971 3 2 0
2.49935 1.28728 0.0461235 3 2 0
2.51277 1.28497 0.0462672 3 2 0
2.52624 1.28197 0.0462611 3 2 0
2.53976 1.27896 0.0462852 3 2 0
2.55333 1.27554 0.0464433 3 2 0
2.56695 1.27259 0.0466276 3 2 0
2.58062 1.26963 0.046749 3 2 0
2.59433 1.2665 0.0467773 3 2 0
2.60809 1.26351 0.0469055 3 2 0
2.62189 1.26054 0.0471096 3 2 0
2.63572 1.25733 0.0471529 3 2 0
2.64959 1.25422 0.0472381 3 2 0
2.6635 1.2511 0.0473886 3 2 0
2.67744 1.24842 0.0475589 3 2 0
2.6914 1.24532 0.047642 3 2 0
2.70538 1.24221 0.0477655 3 2 0
2.71939 1.23958 0.0478675 3 2 0
2.73341 1.23656 0.0481121 3 2 0
2.74744 1.23353 0.0484402 3 2 0
2.76148 1.2305 0.0484232 3 2 0
2.77552 1.22747 0.0486206 3 2 0
2.78954 1.22444 0.0487233 3 2 0
2.80356 1.22117 0.0488406 3 2 0
2.81755 1.21826 0.0490724 3 2 0
2.83151 1.2154 0.0494482 3 2 0
2.84542 1.21252 0.0494325 3 2 0
2.85929 1.20951 0.0496632 3 2 0
2.87308 1.2065 0.0499236 3 2 0
2.8868 1.20388 0.0500945 3 2 0
2.90041 1.20095 0.0504962 3 2 0
2.9139 1.19803 0.0506444 3 2 0
2.92725 1.19549 0.0508201 3 2 0
2.94041 1.19272 0.0512168 3 2 0
2.95335 1.18995 0.0513727 3 2 0
2.96603 1.18743 0.0517267 3 2 0
2.97837 1.18492 0.0520371 3 2 0
2.99031 1.18245 0.0524047 3 2 0
3.00174 1.17972 0.0527712 3 2 0
3.01251 1.17774 0.0533485 3 2 0
3.02245 1.17585 0.053903 3 2 0
3.03127 1.17338 0.0543871 3 2 0
3.03864 1.17222 0.0553639 3 2 0
3.04418 1.17135 0.0561984 3 2 0
3.04771 1.17065 0.0576512 3 2 0
3.04947 1.1703 0.0598062 3 2 0
3.05013 1.16985 0.0627292 3 2 0
3.05032 1.16826 0.0682106 3 2 0
3.05035 1.16021 0.0782477 3 2 0
3.05035 1.1436 0.0880962 3 2 0
3.05035 1.12817 0.0943552 4 2 0
3.05035 1.11255 0.0998591 4 2 0
3.05035 1.09715 0.104775 4 2 0
3.05035 1.08142 0.109496 4 2 0
3.05035 1.06562 0.114069 4 2 0
3.05035 1.0496 0.118499 4 2 0
3.05035 1.03385 0.122832 4 2 0
3.05035 1.01785 0.127172 4 2 0
3.05035 1.00176 0.131499 4 2 0
3.05035 0.985691 0.135804 4 2 0
3.05036 0.969561 0.140178 4 2 0
3.05036 0.953321 0.144607 4 2 0
3.05036 0.936921 0.149106 4 2 0
3.05036 0.920749 0.153642 4 2 0
3.05036 0.904279 0.158263 4 2 0
3.05036 0.887885 0.163 4 2 0
3.05036 0.871356 0.167844 4 2 0
3.05036 0.854683 0.172831 4 2 0
3.05036 0.838072 0.177942 4 2 0
3.05037 0.821442 0.183217 4 2 0
3.05037 0.804772 0.188605 4 2 0
3.05038 0.787998 0.194197 4 2 0
3.05039 0.771124 0.199961 3 2 0
3.05041 0.754181 0.20593 3 2 0
3.05044 0.737387 0.212086 3 2 0
3.05049 0.720498 0.218475 3 2 0
3.05056 0.703629 0.225069 3 2 0
3.05066 0.686764 0.231917 3 2 0
3.05082 0.669891 0.23904 3 2 0
3.05106 0.653072 0.246365 3 2 0
3.05139 0.636352 0.253978 3 2 0
3.05187 0.619743 0.261855 3 2 0
3.05252 0.603218 0.269967 3 2 0
3.05337 0.586862 0.27835 3 2 0
3.05444 0.570758 0.287017 3 2 0
3.05575 0.554872 0.295972 3 2 0
3.05728 0.539141 0.3052 3 2 0
3.05898 0.523676 0.314759 3 2 0
3.06081 0.508402 0.324655 3 2 0
3.06269 0.493335 0.334913 3 2 0
3.06452 0.478495 0.345598 3 2 0
3.06622 0.463869 0.356701 3 2 0
3.06768 0.449484 0.368291 3 2 0
3.06881 0.435366 0.380364 3 2 0
3.06954 0.421533 0.392914 3 2 0
3.06981 0.408051 0.405915 3 2 0
3.06981 0.407982 0.405983 3 2 0
3.06961 0.419346 0.394964 3 2 0
3.06961 0.419428 0.394885 3 2 0
3.06895 0.433148 0.382315 3 2 0
3.06788 0.447251 0.370151 3 2 0
3.06647 0.461615 0.358486 3 2 0
3.0648 0.476205 0.347278 3 2 0
3.06298 0.49102 0.336522 3 2 0
3.0611 0.506056 0.326208 3 2 0
3.05926 0.521244 0.316277 3 2 0
3.05753 0.536754 0.306672 3 2 0
3.05597 0.552371 0.297361 3 2 0
3.05463 0.568318 0.288432 3 2 0
3.05352 0.584437 0.279674 3 2 0
3.05263 0.60073 0.271255 3 2 0
3.05196 0.617194 0.263083 3 2 0
3.05146 0.633773 0.255151 3 2 0
3.0511 0.650518 0.247511 3 2 0
3.05085 0.667308 0.240124 3 2 0
3.05068 0.684169 0.233022 3 2 0
3.05057 0.701044 0.226104 3 2 0
3.0505 0.717887 0.219491 3 2 0
3.05045 0.734728 0.213041 3 2 0
3.05042 0.751685 0.206844 3 2 0
3.0504 0.768438 0.200887 3 2 0
3.05038 0.785399 0.19506 3 2 0
3.05037 0.80218 0.18945 3 2 0
3.05037 0.818764 0.184043 3 2 0
3.05036 0.835623 0.178735 3 2 0
3.05036 0.852223 0.173604 3 2 0
3.05036 0.868735 0.168638 3 2 0
3.05036 0.885374 0.163746 3 2 0
3.05036 0.901837 0.158967 3 2 0
3.05035 0.918049 0.154309 3 2 0
3.05035 0.934588 0.149749 3 2 0
3.05036 0.935618 0.149485 4 2 0
3.05036 0.951965 0.144995 4 2 0
3.05035 0.968189 0.14056 4 2 0
3.05036 0.977326 0.13806 4 2 0
3.05036 0.993377 0.133708 4 2 0
3.05036 1.00953 0.129382 4 2 0
3.05036 1.02556 0.125055 4 2 0
3.05036 1.04139 0.120719 4 2 0
3.05036 1.0574 0.116344 4 2 0
3.05035 1.05935 0.115792 4 2 0
3.05035 1.07501 0.111312 4 2 0
3.05035 1.09089 0.106721 4 2 0
3.05035 1.10647 0.10186 4 2 0
3.05035 1.12206 0.0966345 4 2 0
3.05035 1.13718 0.0908293 4 2 0
3.05035 1.13746 0.0907697 3 2 0
3.05035 1.15206 0.0838472 3 2 0
3.05035 1.16426 0.0748072 3 2 0
3.05029 1.16929 0.066115 3 2 0
3.04995 1.17008 0.0612898 3 2 0
3.04879 1.17027 0.0585334 3 2 0
3.04604 1.17081 0.0568349 3 2 0
3.04122 1.17139 0.0555624 3 2 0
3.03443 1.17281 0.0546841 3 2 0
3.02605 1.17478 0.0539836 3 2 0
3.01647 1.17692 0.0534346 3 2 0
3.00596 1.17921 0.0529984 3 2 0
2.99474 1.18129 0.0525597 3 2 0
2.98296 1.18385 0.0521444 3 2 0
2.97075 1.18645 0.0518413 3 2 0
2.95819 1.18906 0.0515961 3 2 0
2.94534 1.19175 0.0511846 3 2 0
2.93225 1.19445 0.0509347 3 2 0
2.91897 1.19725 0.0506585 3 2 0
2.90553 1.20002 0.0503981 3 2 0
2.89196 1.2028 0.0501928 3 2 0
2.87828 1.20537 0.0499691 3 2 0
2.86451 1.20838 0.0497263 3 2 0
2.85067 1.21138 0.0495622 3 2 0
2.83678 1.21434 0.0493458 3 2 0
2.82283 1.21721 0.0491381 3 2 0
2.80885 1.22007 0.0489585 3 2 0
2.79484 1.22328 0.0487688 3 2 0
2.78082 1.22632 0.0486343 3 2 0
2.76679 1.22935 0.0484309 3 2 0
2.75275 1.23222 0.048318 3 2 0
2.73872 1.23517 0.0481213 3 2 0
2.72469 1.23811 0.0479825 3 2 0
2.71068 1.24145 0.0478289 3 2 0
2.69669 1.24448 0.0476899 3 2 0
2.68271 1.2475 0.0475888 3 2 0
2.66877 1.25031 0.0474106 3 2 0
2.65485 1.25341 0.0473147 3 2 0
2.64097 1.25649 0.0471766 3 2 0
2.62712 1.2596 0.0470565 3 2 0
2.61331 1.26261 0.0469276 3 2 0
2.59953 1.2656 0.0467983 3 2 0
2.5858 1.26845 0.0466995 3 2 0
2.57212 1.27153 0.0466235 3 2 0
2.55848 1.27459 0.0464679 3 2 0
2.54488 1.27782 0.0464025 3 2 0
2.53134 1.28083 0.0463337 3 2 0
2.51785 1.28383 0.0461823 3 2 0
2.50442 1.28649 0.0460716 3 2 0
2.49104 1.28953 0.0459799 3 2 0
2.47771 1.29255 0.0459335 3 2 0
2.46443 1.29524 0.0458231 3 2 0
2.45122 1.29826 0.0457905 3 2 0
2.43806 1.30127 0.0456464 3 2 0
2.42497 1.30465 0.0455864 3 2 0
2.41193 1.30759 0.0455667 3 2 0
2.39896 1.31051 0.0454276 3 2 0
2.38605 1.31348 0.0453257 3 2 0
2.37319 1.3164 0.0452535 3 2 0
2.36041 1.3193 0.0452195 3 2 0
2.34768 1.3222 0.0451468 3 2 0
2.33502 1.32509 0.0451309 3 2 0
2.32242 1.32797 0.0450098 3 2 0
2.30989 1.33025 0.0449715 3 2 0
2.29742 1.33314 0.0448832 3 2 0
2.28502 1.33601 0.0448346 3 2 0
2.2727 1.33907 0.0447504 3 2 0
2.26043 1.34185 0.0447035 3 2 0
2.24823 1.34463 0.0446875 3 2 0
2.23609 1.34692 0.0446036 3 2 0
2.22402 1.34973 0.0445659 3 2 0
2.21202 1.35253 0.0445564 3 2 0
2.20009 1.35607 0.0444888 3 2 0
2.18823 1.3588 0.0444689 3 2 0
2.17643 1.36152 0.0443869 3 2 0
2.16471 1.36359 0.0443731 3 2 0
2.15305 1.36631 0.0442937 3 2 0
2.14145 1.36902 0.0442513 3 2 0
2.12993 1.37224 0.0442313 3 2 0
2.11847 1.3749 0.0442031 3 2 0
2.10708 1.37756 0.0442002 3 2 0
2.09576 1.37963 0.0441555 3 2 0
2.08451 1.38221 0.0441275 3 2 0
2.07332 1.38478 0.044072 3 2 0
2.06221 1.38798 0.0440581 3 2 0
2.05116 1.39055 0.0440431 3 2 0
2.04017 1.39311 0.0439923 3 2 0
2.02926 1.39476 0.0439722 3 2 0
2.01841 1.3973 0.0439824 3 2 0
2.00763 1.39982 0.0439429 3 2 0
1.99693 1.40316 0.0439463 3 2 0
1.98628 1.40564 0.0438915 3 2 0
1.9757 1.40811 0.0438671 3 2 0
1.96519 1.4106 0.0438525 3 2 0
1.95474 1.41303 0.043849 3 2 0
1.94436 1.41544 0.0438652 3 2 0
1.93406 1.41707 0.0439513 3 2 0
1.92381 1.41942 0.0438633 3 2 0
1.91363 1.42176 0.0438121 3 2 0
1.90351 1.42446 0.0438033 3 2 0
1.89346 1.42679 0.0438251 3 2 0
1.88347 1.42911 0.0438099 3 2 0
1.87355 1.43151 0.0437765 3 2 0
1.8637 1.4338 0.043778 3 2 0
1.8539 1.43607 0.0437979 3 2 0
1.84418 1.43839 0.0438529 3 2 0
1.83451 1.44063 0.043823 3 2 0
1.82491 1.44284 0.043817 3 2 0
1.81538 1.44526 0.0438124 3 2 0
1.8059 1.44744 0.043832 3 2 0
1.79649 1.4496 0.0438658 3 2 0
1.78714 1.4516 0.0438101 3 2 0
1.77785 1.45372 0.0438311 3 2 0
1.76863 1.45582 0.0438664 3 2 0
1.75946 1.4581 0.043836 3 2 0
1.75036 1.46018 0.0438521 3 2 0
1.74132 1.46224 0.0438833 3 2 0
1.73234 1.46408 0.0438742 3 2 0
1.72341 1.4661 0.0438769 3 2 0
1.71455 1.46811 0.0438972 3 2 0
1.70575 1.46917 0.0438967 3 2 0
1.69701 1.47112 0.0439295 3 2 0
1.68833 1.47306 0.0439745 3 2 0
1.67971 1.47577 0.0439665 3 2 0
1.67114 1.47769 0.0439647 3 2 0
1.66263 1.4796 0.0439816 3 2 0
1.65418 1.48188 0.0442318 3 2 0
1.64579 1.48375 0.0441398 3 2 0
1.63745 1.48561 0.0440691 3 2 0
1.62918 1.48693 0.04421 3 2 0
1.62095 1.48874 0.0441958 3 2 0
1.61279 1.49053 0.0441878 3 2 0
1.60468 1.49238 0.0442138 3 2 0
1.59662 1.49414 0.0442428 3 2 0
1.58862 1.49588 0.0442356 3 2 0
1.58068 1.49786 0.0442684 3 2 0
1.57278 1.49957 0.04431 3 2 0
1.56495 1.50127 0.0443618 3 2 0
1.55717 1.50251 0.044321 3 2 0
1.54944 1.50417 0.0443621 3 2 0
1.54176 1.50582 0.044414 3 2 0
1.53413 1.50815 0.0444322 3 2 0
1.52656 1.50976 0.0444879 3 2 0
1.51904 1.51136 0.0445187 3 2 0
1.51157 1.51279 0.0445352 3 2 0
1.50416 1.51435 0.0445577 3 2 0
1.49679 1.5159 0.0445946 3 2 0
1.48949 1.51688 0.0454119 3 2 0
1.48221 1.51838 0.0452299 3 2 0
1.47499 1.51987 0.0450979 3 2 0
1.46783 1.52139 0.0448391 3 2 0
1.46071 1.52285 0.044869 3 2 0
1.45364 1.52429 0.0448836 3 2 0
1.44662 1.52617 0.0448895 3 2 0
1.43965 1.52759 0.0449431 3 2 0
1.43273 1.52898 0.0450056 3 2 0
1.42586 1.53061 0.0450481 3 2 0
1.41903 1.53198 0.0450844 3 2 0
1.41225 1.53333 0.0451316 3 2 0
1.40552 1.53464 0.0455019 3 2 0
1.39883 1.53596 0.0454312 3 2 0
1.39219 1.53726 0.0453906 3 2 0
1.38559 1.53792 0.0454703 3 2 0
1.37904 1.53918 0.0454465 3 2 0
1.37253 1.54043 0.0454449 3 2 0
1.36607 1.54232 0.0455019 3 2 0
1.35965 1.54354 0.0455617 3 2 0
1.35328 1.54475 0.0455858 3 2 0
1.34695 1.54596 0.0456511 3 2 0
1.34067 1.54714 0.0456811 3 2 0
1.33442 1.5483 0.0457191 3 2 0
1.32822 1.54891 0.0457612 3 2 0
1.32207 1.55003 0.0458297 3 2 0
1.31595 1.55114 0.045905 3 2 0
1.30988 1.55235 0.0459226 3 2 0
1.30385 1.55342 0.0459887 3 2 0
1.29786 1.55449 0.046062 3 2 0
1.29192 1.55489 0.0462306 3 2 0
1.28601 1.55592 0.0462304 3 2 0
1.28014 1.55693 0.0462485 3 2 0
1.27432 1.55902 0.0464715 3 2 0
1.26853 1.56002 0.0464568 3 2 0
1.26278 1.56099 0.0464627 3 2 0
1.25707 1.56158 0.0466817 3 2 0
1.2514 1.56252 0.0467751 3 2 0
1.24577 1.56344 0.0468573 3 2 0
1.24017 1.56445 0.0466714 3 2 0
1.23461 1.56535 0.0467358 3 2 0
1.22909 1.56624 0.0468079 3 2 0
1.22361 1.56738 0.0468584 3 2 0
1.21817 1.56824 0.046922 3 2 0
1.21277 1.56909 0.0469933 3 2 0
1.2074 1.56999 0.0470425 3 2 0
1.20207 1.57081 0.0470962 3 2 0
1.19677 1.57161 0.0471595 3 2 0
1.19151 1.57194 0.047308 3 2 0
1.18628 1.57271 0.047338 3 2 0
1.18109 1.57347 0.0473813 3 2 0
1.17594 1.5746 0.0474462 3 2 0
1.17082 1.57534 0.0475052 3 2 0
1.16573 1.57606 0.047573 3 2 0
1.16068 1.57643 0.0476467 3 2 0
1.15566 1.57713 0.047715 3 2 0
1.15067 1.5778 0.0477909 3 2 0
1.14573 1.5782 0.0480576 3 2 0
1.14081 1.57885 0.0480616 3 2 0
1.13592 1.57948 0.0480831 3 2 0
1.13108 1.58066 0.0487344 3 2 0
1.12625 1.58127 0.0486475 3 2 0
1.12146 1.58187 0.0485918 3 2 0
1.11671 1.58197 0.047186 3 2 0
1.11199 1.5825 0.0473138 3 2 0
1.1073 1.58303 0.0474534 3 2 0
1.10264 1.58431 0.0486008 3 2 0
1.098 1.58484 0.0486682 3 2 0
1.09341 1.58537 0.0487424 3 2 0
1.08884 1.58513 0.0487836 3 2 0
1.0843 1.58562 0.0488585 3 2 0
1.07979 1.58611 0.0489213 3 2 0
1.07531 1.58736 0.0489934 3 2 0
1.07086 1.58783 0.049078 3 2 0
1.06644 1.58827 0.0491681 3 2 0
1.06205 1.5884 0.0492521 3 2 0
1.05769 1.58883 0.0493186 3 2 0
1.05336 1.58924 0.0493934 3 2 0
1.04906 1.58953 0.049506 3 2 0
1.04478 1.58991 0.0495696 3 2 0
1.04053 1.59029 0.0496419 3 2 0
1.03631 1.59108 0.0497399 3 2 0
1.03212 1.59144 0.0498105 3 2 0
1.02796 1.59178 0.0498889 3 2 0
1.02382 1.59178 0.0499853 3 2 0
1.01971 1.5921 0.0500599 3 2 0
1.01563 1.59241 0.0501417 3 2 0
1.01157 1.59303 0.0504629 3 2 0
1.00754 1.59332 0.0504765 3 2 0
1.00353 1.59359 0.0505063 3 2 0
0.999557 1.59296 0.049347 3 2 0
0.995602 1.59324 0.0495048 3 2 0
0.991677 1.5935 0.0496679 3 2 0
0.987774 1.59389 0.0508158 3 2 0
0.983878 1.5941 0.050913 3 2 0
0.980028 1.59429 0.0510127 3 2 0
0.976202 1.59479 0.0510281 3 2 0
0.972401 1.59498 0.0511142 3 2 0
0.968625 1.59515 0.0511889 3 2 0
0.964874 1.59542 0.0513125 3 2 0
0.961146 1.59557 0.0513797 3 2 0
0.957442 1.59572 0.0514556 3 2 0
0.95376 1.59529 0.0516231 3 2 0
0.950104 1.59541 0.0516797 3 2 0
0.946471 1.59552 0.0517467 3 2 0
0.942863 1.59632 0.0518973 3 2 0
0.939276 1.59641 0.0519978 3 2 0
0.935712 1.59649 0.0521017 3 2 0
0.93217 1.59557 0.0521314 3 2 0
0.92865 1.59563 0.0522212 3 2 0
0.925154 1.59568 0.0523161 3 2 0
0.921683 1.59679 0.0523817 3 2 0
0.91823 1.59682 0.0524721 3 2 0
0.9148 1.59683 0.0525678 3 2 0
0.911397 1.59667 0.0531107 3 2 0
0.908 1.59667 0.053094 3 2 0
0.904635 1.59665 0.0530982 3 2 0
0.901289 1.59669 0.0530485 3 2 0
0.897959 1.59665 0.0531207 3 2 0
0.894658 1.59661 0.0531997 3 2 0
0.891379 1.5967 0.0532455 3 2 0
0.88812 1.59664 0.0533395 3 2 0
0.884881 1.59657 0.0534383 3 2 0
0.881662 1.59596 0.0535263 3 2 0
0.878463 1.59586 0.0536208 3 2 0
0.875285 1.59575 0.0537203 3 2 0
0.872128 1.59614 0.0539022 3 2 0
0.86899 1.59601 0.0539637 3 2 0
0.865873 1.59588 0.0540351 3 2 0
0.862775 1.59573 0.0541324 3 2 0
0.859696 1.59558 0.0542152 3 2 0
0.856637 1.59541 0.0543051 3 2 0
0.853601 1.59481 0.0550926 3 2 0
0.850561 1.59462 0.0550404 3 2 0
0.847559 1.59444 0.0550149 3 2 0
0.844581 1.59401 0.05382 3 2 0
0.84161 1.59391 0.0538472 3 2 0
0.838668 1.59377 0.0539155 3 2 0
0.835762 1.59388 0.0550758 3 2 0
0.832756 1.59364 0.0551806 3 2 0
0.829866 1.59341 0.0552636 3 2 0
0.826994 1.59331 0.0553054 3 2 0
0.82414 1.59306 0.0554098 3 2 0
0.821304 1.59281 0.0555185 3 2 0
0.818488 1.59179 0.0557149 3 2 0
0.815684 1.59152 0.0557787 3 2 0
0.812902 1.59123 0.0558526 3 2 0
0.810141 1.59148 0.0570529 3 2 0
0.807354 1.59117 0.0569298 3 2 0
0.804624 1.59085 0.0568454 3 2 0
0.801912 1.59079 0.0563224 3 2 0
0.799214 1.59045 0.0564317 3 2 0
0.796535 1.59011 0.0565433 3 2 0
0.793872 1.58918 0.0566251 3 2 0
0.791226 1.58883 0.056743 3 2 0
0.788597 1.58847 0.0568634 3 2 0
0.785984 1.58858 0.0568903 3 2 0
0.783388 1.58819 0.05699 3 2 0
0.780808 1.58778 0.0570946 3 2 0
0.778246 1.58746 0.0572738 3 2 0
0.775694 1.58705 0.057341 3 2 0
0.773163 1.58663 0.057418 3 2 0
0.770646 1.58586 0.0575603 3 2 0
0.768144 1.5854 0.0576362 3 2 0
0.765661 1.58494 0.0577208 3 2 0
0.763194 1.58471 0.058142 3 2 0
0.76074 1.58425 0.0581597 3 2 0
0.758304 1.58379 0.0581946 3 2 0
0.755892 1.58321 0.0547724 3 2 0
0.753276 1.58257 0.0554102 3 2 0
0.750893 1.58199 0.0559326 3 2 0
0.748519 1.58135 0.057727 3 2 0
0.746159 1.58083 0.0578436 3 2 0
0.743818 1.5803 0.0579728 3 2 0
0.741491 1.57923 0.0588463 3 2 0
0.739178 1.57864 0.0589645 3 2 0
0.736881 1.57805 0.0590855 3 2 0
0.734599 1.57793 0.0590939 3 2 0
0.732331 1.57732 0.0592016 3 2 0
0.73008 1.5767 0.0593139 3 2 0
0.727844 1.5765 0.059475 3 2 0
0.72562 1.57588 0.0595533 3 2 0
0.723414 1.57525 0.0596408 3 2 0
0.72123 1.57478 0.0574012 3 2 0
0.718844 1.57402 0.0579381 3 2 0
0.716686 1.57333 0.0583762 3 2 0
0.714541 1.57255 0.0602023 3 2 0
0.712402 1.57186 0.0603499 3 2 0
0.710286 1.57116 0.0604963 3 2 0
0.708183 1.57016 0.0602455 3 2 0
0.706096 1.56951 0.0603942 3 2 0
0.704024 1.56885 0.060542 3 2 0
0.701966 1.56834 0.0605051 3 2 0
0.699924 1.56767 0.0606276 3 2 0
0.697896 1.56698 0.0607537 3 2 0
0.695881 1.56618 0.0609299 3 2 0
0.693882 1.56538 0.0610226 3 2 0
0.691899 1.56456 0.0611235 3 2 0
0.68993 1.5646 0.0615366 3 2 0
0.687976 1.5638 0.061563 3 2 0
0.686038 1.56299 0.0616085 3 2 0
0.684115 1.56151 0.0618233 3 2 0
0.682207 1.56063 0.0619367 3 2 0
0.680316 1.55974 0.0620196 3 2 0
0.678441 1.55972 0.0620634 3 2 0
0.676579 1.55889 0.062157 3 2 0
0.674735 1.55804 0.0622572 3 2 0
0.672908 1.55617 0.0623435 3 2 0
0.671095 1.55518 0.0624473 3 2 0
0.669301 1.55417 0.0625565 3 2 0
0.667524 1.55437 0.0628758 3 2 0
0.665755 1.55343 0.062903 3 2 0
0.664013 1.55248 0.0629484 3 2 0
0.662288 1.55054 0.0631371 3 2 0
0.660583 1.54944 0.0631749 3 2 0
0.658896 1.54831 0.0632293 3 2 0
0.65723 1.54762 0.0647355 3 2 0
0.65554 1.54652 0.0644799 3 2 0
0.653915 1.54544 0.0643002 3 2 0
0.652307 1.54511 0.0634154 3 2 0
0.650629 1.54385 0.0638476 3 2 0
0.649076 1.54264 0.0642055 3 2 0
0.647552 1.54125 0.0635357 3 2 0
0.646026 1.53986 0.0638456 3 2 0
0.644557 1.53843 0.0641209 3 2 0
0.643123 1.53531 0.0640237 3 2 0
0.641736 1.5342 0.0641366 3 2 0
0.640386 1.53289 0.0642526 3 2 0
0.639072 1.53074 0.0644391 3 2 0
0.637803 1.52893 0.0645099 3 2 0
0.6366 1.52711 0.0645896 3 2 0
0.635472 1.52606 0.0646537 3 2 0
0.634435 1.52328 0.0647231 3 2 0
0.633513 1.51995 0.0647765 3 2 0
0.632743 1.51624 0.064894 3 2 0
0.632159 1.51189 0.0648812 3 2 0
0.631787 1.50617 0.0648898 3 2 0
0.631605 1.4982 0.0649681 3 2 0
0.631534 1.48862 0.0649307 3 2 0
0.631511 1.47928 0.0649279 3 2 0
0.631515 1.46824 0.065223 4 2 0
0.631508 1.45609 0.0650479 4 2 0
0.631503 1.44212 0.0649557 4 2 0
0.63151 1.42922 0.0652294 4 2 0
0.631502 1.41403 0.0650612 4 2 0
0.631498 1.39789 0.0649674 4 2 0
0.631503 1.38283 0.0648978 4 2 0
0.631503 1.36612 0.0648041 4 2 0
0.631503 1.34673 0.0647635 4 2 0
0.631501 1.34632 0.0650543 4 2 0
0.631501 1.32689 0.0650228 4 2 0
0.631501 1.30877 0.0649599 4 2 0
0.631502 1.28844 0.0649778 4 2 0
0.631503 1.2681 0.0650324 4 2 0
0.631504 1.2463 0.0650289 4 2 0
0.631502 1.22275 0.0650027 4 2 0
