0 0.0561759 0.0561759 2 1 0
0.00220337 0.0561774 0.0561774 1 1 0
0.00385588 0.0561833 0.0561833 1 1 0
0.00633452 0.056206 0.056206 1 1 0
0.00906052 0.0562568 0.0562568 1 1 0
0.0120578 0.05635 0.05635 1 1 0
0.0153521 0.0565024 0.0565024 1 1 0
0.0189708 0.0567334 0.0567334 1 1 0
0.0229434 0.0570647 0.0570647 1 1 0
0.027301 0.0575211 0.0575211 1 1 0
0.0320771 0.0581302 0.0581302 1 1 0
0.037307 0.0589235 0.0589235 1 1 0
0.0430281 0.059937 0.059937 1 1 0
0.04928 0.0612128 0.0612128 1 1 0
0.056104 0.0628003 0.0628003 1 1 0
0.0635425 0.0647589 0.0647589 1 1 0
0.0716383 0.0671602 0.0671602 1 1 0
0.0804335 0.070091 0.070091 1 1 0
0.0899681 0.0736566 0.0736566 1 1 0
0.100279 0.077983 0.077983 1 1 0
0.111402 0.0832181 0.0832181 1 1 0
0.123373 0.0895289 0.0895289 1 1 0
0.13624 0.0970934 0.0970934 1 1 0
0.150081 0.106083 0.106083 1 1 0
0.165036 0.116634 0.116634 1 1 0
0.181337 0.128811 0.128811 1 1 0
0.199333 0.142558 0.142558 1 1 0
0.219479 0.157663 0.157663 1 1 0
0.226107 0.162471 0.162471 1 1 0
0.249129 0.178313 0.178313 2 1 0
0.273507 0.193465 0.193465 2 1 0
0.29858 0.207315 0.207315 2 1 0
0.324221 0.219825 0.219825 2 1 0
0.350303 0.231058 0.231058 2 1 0
0.376718 0.241122 0.241122 2 1 0
0.403385 0.250146 0.250146 2 1 0
0.43024 0.258252 0.258252 2 1 0
0.457238 0.265558 0.265558 2 1 0
0.484344 0.272163 0.272163 2 1 0
0.511534 0.278158 0.278158 2 1 0
0.538788 0.283618 0.283618 2 1 0
0.566093 0.288608 0.288608 2 1 0
0.593438 0.293185 0.293185 2 1 0
0.620815 0.297396 0.297396 2 1 0
0.648218 0.301282 0.301282 2 1 0
0.675642 0.304879 0.304879 2 1 0
0.703083 0.308218 0.308218 2 1 0
0.730538 0.311324 0.311324 2 1 0
0.758005 0.314221 0.314221 2 1 0
0.785482 0.316929 0.316929 2 1 0
0.812967 0.319466 0.319466 2 1 0
0.820767 0.320157 0.320157 2 1 0
0.848261 0.322497 0.322497 1 1 0
0.875761 0.324699 0.324699 1 1 0
0.903266 0.326775 0.326775 1 1 0
0.930774 0.328735 0.328735 1 1 0
0.958287 0.330588 0.330588 1 1 0
0.985803 0.332344 0.332344 1 1 0
1.01332 0.334009 0.334009 1 1 0
1.04084 0.33559 0.33559 1 1 0
1.06836 0.337094 0.337094 1 1 0
1.09589 0.338526 0.338526 1 1 0
1.12342 0.339891 0.339891 1 1 0
1.15094 0.341193 0.341193 1 1 0
1.17847 0.342438 0.342438 1 1 0
1.206 0.343627 0.343627 1 1 0
1.23353 0.344766 0.344766 1 1 0
1.26107 0.345858 0.345858 1 1 0
1.2886 0.346904 0.346904 1 1 0
1.31613 0.347909 0.347909 1 1 0
1.34367 0.348874 0.348874 1 1 0
1.3712 0.349801 0.349801 1 1 0
1.39874 0.350694 0.350694 1 1 0
1.42627 0.351553 0.351553 1 1 0
1.45381 0.352381 0.352381 1 1 0
1.48135 0.353179 0.353179 1 1 0
1.50888 0.353949 0.353949 1 1 0
1.53642 0.354692 0.354692 1 1 0
1.56396 0.35541 0.35541 1 1 0
1.5915 0.356104 0.356104 1 1 0
1.61904 0.356775 0.356775 1 1 0
1.64657 0.357424 0.357424 1 1 0
1.67411 0.358053 0.358053 1 1 0
1.70165 0.358662 0.358662 1 1 0
1.72919 0.359252 0.359252 1 1 0
1.75673 0.359824 0.359824 1 1 0
1.78427 0.360379 0.360379 1 1 0
1.81181 0.360918 0.360918 1 1 0
1.83935 0.361441 0.361441 1 1 0
1.86689 0.361948 0.361948 1 1 0
1.89443 0.362442 0.362442 1 1 0
1.92197 0.362922 0.362922 1 1 0
1.94951 0.363388 0.363388 1 1 0
1.97705 0.363842 0.363842 1 1 0
2.00459 0.364284 0.364284 1 1 0
2.03213 0.364714 0.364714 1 1 0
2.05967 0.365133 0.365133 1 1 0
2.08721 0.365541 0.365541 1 1 0
2.11476 0.365939 0.365939 1 1 0
2.1423 0.366327 0.366327 1 1 0
2.16984 0.366705 0.366705 1 1 0
2.19738 0.367074 0.367074 1 1 0
2.22492 0.367434 0.367434 1 1 0
2.25246 0.367785 0.367785 1 1 0
2.28 0.368128 0.368128 1 1 0
2.30754 0.368463 0.368463 1 1 0
2.33508 0.36879 0.36879 1 1 0
2.36263 0.36911 0.36911 1 1 0
2.39017 0.369423 0.369423 1 1 0
2.41771 0.369729 0.369729 1 1 0
2.44525 0.370028 0.370028 1 1 0
2.47279 0.37032 0.37032 1 1 0
2.50033 0.370606 0.370606 1 1 0
2.52787 0.370886 0.370886 1 1 0
2.55542 0.37116 0.37116 1 1 0
2.58296 0.371429 0.371429 1 1 0
2.6105 0.371692 0.371692 1 1 0
2.63804 0.371949 0.371949 1 1 0
2.66558 0.372201 0.372201 1 1 0
2.69312 0.372448 0.372448 1 1 0
2.72066 0.372691 0.372691 1 1 0
2.74821 0.372928 0.372928 1 1 0
2.77575 0.373161 0.373161 1 1 0
2.80329 0.373389 0.373389 1 1 0
2.83083 0.373614 0.373614 1 1 0
2.85837 0.373833 0.373833 1 1 0
2.88592 0.374049 0.374049 1 1 0
2.91346 0.374261 0.374261 1 1 0
2.941 0.374468 0.374468 1 1 0
2.96854 0.374672 0.374672 1 1 0
2.99608 0.374873 0.374873 1 1 0
3.02362 0.375069 0.375069 1 1 0
0.820767 0.320157 0.320157 4 3 0
0.820773 0.322943 0.317376 4 3 0
0.820804 0.327131 0.313212 4 3 0
0.820867 0.331747 0.308645 4 3 0
0.820969 0.336834 0.30364 4 3 0
0.821117 0.342441 0.298156 4 3 0
0.821311 0.34862 0.292151 4 3 0
0.821547 0.355432 0.285575 4 3 0
0.821806 0.362947 0.278369 4 3 0
0.822041 0.371247 0.270465 4 3 0
0.822157 0.380424 0.261781 4 3 0
0.822157 0.380612 0.261603 3 3 0
0.821242 0.400818 0.24261 3 3 0
0.816801 0.421727 0.222903 3 3 0
0.808679 0.43765 0.207546 3 3 0
0.799912 0.447638 0.197534 3 3 0
0.790924 0.454774 0.190055 3 3 0
0.781795 0.460249 0.184023 3 3 0
0.772582 0.464605 0.178948 3 3 0
0.762387 0.468466 0.174149 3 3 0
0.751126 0.471869 0.169565 3 3 0
0.738703 0.474826 0.165149 3 3 0
0.725011 0.477334 0.160869 3 3 0
0.709928 0.479369 0.156698 3 3 0
0.693321 0.480889 0.152613 3 3 0
0.675043 0.481834 0.148597 3 3 0
0.654931 0.482116 0.144637 3 3 0
0.632807 0.481616 0.140722 3 3 0
0.608477 0.480175 0.136844 3 3 0
0.581729 0.477564 0.132997 3 3 0
0.554372 0.473796 0.129432 3 3 0
0.52705 0.468887 0.126186 3 3 0
0.499777 0.46276 0.123217 3 3 0
0.47257 0.455285 0.120499 3 3 0
0.445451 0.446272 0.11802 3 3 0
0.418452 0.435456 0.115783 3 3 0
0.391619 0.422459 0.113811 3 3 0
0.365019 0.406751 0.11216 3 3 0
0.338755 0.387564 0.110937 3 3 0
0.31299 0.363754 0.110364 3 3 0
0.288 0.33357 0.110917 3 3 0
0.264275 0.294355 0.113759 3 3 0
0.242763 0.242679 0.122298 3 3 0
0.233541 0.211412 0.131845 3 3 0
0.229686 0.194273 0.139527 3 3 0
0.226846 0.175721 0.15105 3 3 0
0.226172 0.16621 0.158894 3 3 0
0.226107 0.162474 0.162468 3 3 0
0.227518 0.181304 0.147133 3 3 0
0.22772 0.182744 0.146192 3 3 0
0.233009 0.209276 0.132685 3 3 0
0.239758 0.233412 0.124667 3 3 0
0.247137 0.255038 0.119608 3 3 0
0.25502 0.274663 0.11624 3 3 0
0.263305 0.292432 0.113966 3 3 0
0.271913 0.308489 0.112438 3 3 0
0.281685 0.324379 0.111359 3 3 0
0.292725 0.339979 0.110685 3 3 0
0.305147 0.355188 0.110381 3 3 0
0.319074 0.36993 0.110423 3 3 0
0.334637 0.38414 0.110795 3 3 0
0.351984 0.397761 0.111491 3 3 0
0.371275 0.410741 0.112516 3 3 0
0.392686 0.423025 0.113884 3 3 0
0.41641 0.434552 0.115623 3 3 0
0.442661 0.445246 0.117778 3 3 0
0.469771 0.454431 0.120233 3 3 0
0.496972 0.462055 0.122926 3 3 0
0.52424 0.468315 0.125868 3 3 0
0.551558 0.473343 0.129084 3 3 0
0.578913 0.477227 0.132614 3 3 0
0.606294 0.480001 0.136515 3 3 0
0.633692 0.481653 0.140871 3 3 0
0.661098 0.482108 0.145807 3 3 0
0.6885 0.481208 0.151509 3 3 0
0.715881 0.478647 0.158285 3 3 0
0.743209 0.473838 0.166684 3 3 0
0.770404 0.465505 0.177861 3 3 0
0.797183 0.450047 0.195047 3 3 0
0.809906 0.435844 0.209316 3 3 0
0.820164 0.408572 0.235328 3 3 0
0.820767 0.32018 0.320134 4 3 0
0.820767 0.32036 0.319955 4 3 0
0.821938 0.391336 0.25151 3 3 0
0.768194 0.466373 0.176794 3 3 0
0.739039 0.474756 0.165262 3 3 0
0.711682 0.479167 0.157158 3 3 0
0.684292 0.481444 0.150573 3 3 0
0.656887 0.482121 0.145004 3 3 0
0.629481 0.481473 0.140168 3 3 0
0.602085 0.479647 0.135888 3 3 0
0.574707 0.476703 0.132049 3 3 0
0.547358 0.472647 0.128571 3 3 0
0.520047 0.467436 0.125399 3 3 0
0.492789 0.460977 0.122496 3 3 0
0.465602 0.453128 0.11984 3 3 0
0.438511 0.443682 0.117422 3 3 0
0.411549 0.432347 0.11525 3 3 0
0.384769 0.418713 0.113354 3 3 0
0.358243 0.402198 0.111799 3 3 0
0.332088 0.381953 0.110715 3 3 0
0.30649 0.356707 0.11037 3 3 0
0.281764 0.324499 0.111353 3 3 0
0.258491 0.282422 0.115166 3 3 0
0.237806 0.226983 0.126516 3 3 0
0.229452 0.193054 0.140167 3 3 0
0.222166 0.159624 0.159624 4 3 0
0.222166 0.159624 0.159624 4 3 0
