0 0 0 2 1 0
0.00220337 0 0 1 1 0
0.00385588 0 0 1 1 0
0.00633452 0 0 1 1 0
0.00906052 0 0 1 1 0
0.0120578 0 0 1 1 0
0.0153521 0 0 1 1 0
0.0189708 0 0 1 1 0
0.0229434 0 0 1 1 0
0.027301 0 0 1 1 0
0.0320771 0 0 1 1 0
0.037307 0 0 1 1 0
0.0430281 0 0 1 1 0
0.04928 0 0 1 1 0
0.056104 0 0 1 1 0
0.0635425 0 0 1 1 0
0.0716383 0 0 1 1 0
0.0804335 0 0 1 1 0
0.0899681 0 0 1 1 0
0.100279 0 0 1 1 0
0.111402 0 0 1 1 0
0.123373 0 0 1 1 0
0.13624 0 0 1 1 0
0.150081 0 0 1 1 0
0.165036 28.4132 28.4132 1 1 0
0.181337 14.796 14.796 1 1 0
0.199333 12.8671 12.8671 1 1 0
0.219479 12.4125 12.4125 1 1 0
0.226107 12.3733 12.3733 1 1 0
0.249129 12.3259 12.3259 2 1 0
0.273507 12.2503 12.2503 2 1 0
0.29858 12.1079 12.1079 2 1 0
0.324221 11.9287 11.9287 2 1 0
0.350303 11.743 11.743 2 1 0
0.376718 11.568 11.568 2 1 0
0.403385 11.4107 11.4107 2 1 0
0.43024 11.2724 11.2724 2 1 0
0.457238 11.152 11.152 2 1 0
0.484344 11.0474 11.0474 2 1 0
0.511534 10.9565 10.9565 2 1 0
0.538788 10.8772 10.8772 2 1 0
0.566093 10.8077 10.8077 2 1 0
0.593438 10.7465 10.7465 2 1 0
0.620815 10.6923 10.6923 2 1 0
0.648218 10.6441 10.6441 2 1 0
0.675642 10.601 10.601 2 1 0
0.703083 10.5624 10.5624 2 1 0
0.730538 10.5275 10.5275 2 1 0
0.758005 10.4959 10.4959 2 1 0
0.785482 10.4672 10.4672 2 1 0
0.812967 10.4411 10.4411 2 1 0
0.820767 10.434 10.434 2 1 0
0.848261 10.4107 10.4107 1 1 0
0.875761 10.3891 10.3891 1 1 0
0.903266 10.3693 10.3693 1 1 0
0.930774 10.351 10.351 1 1 0
0.958287 10.334 10.334 1 1 0
0.985803 10.3182 10.3182 1 1 0
1.01332 10.3035 10.3035 1 1 0
1.04084 10.2897 10.2897 1 1 0
1.06836 10.2769 10.2769 1 1 0
1.09589 10.2648 10.2648 1 1 0
1.12342 10.2535 10.2535 1 1 0
1.15094 10.2429 10.2429 1 1 0
1.17847 10.2329 10.2329 1 1 0
1.206 10.2234 10.2234 1 1 0
1.23353 10.2144 10.2144 1 1 0
1.26107 10.206 10.206 1 1 0
1.2886 10.1979 10.1979 1 1 0
1.31613 10.1903 10.1903 1 1 0
1.34367 10.1831 10.1831 1 1 0
1.3712 10.1762 10.1762 1 1 0
1.39874 10.1696 10.1696 1 1 0
1.42627 10.1634 10.1634 1 1 0
1.45381 10.1574 10.1574 1 1 0
1.48135 10.1517 10.1517 1 1 0
1.50888 10.1462 10.1462 1 1 0
1.53642 10.141 10.141 1 1 0
1.56396 10.136 10.136 1 1 0
1.5915 10.1312 10.1312 1 1 0
1.61904 10.1266 10.1266 1 1 0
1.64657 10.1222 10.1222 1 1 0
1.67411 10.1179 10.1179 1 1 0
1.70165 10.1138 10.1138 1 1 0
1.72919 10.1099 10.1099 1 1 0
1.75673 10.1061 10.1061 1 1 0
1.78427 10.1024 10.1024 1 1 0
1.81181 10.0989 10.0989 1 1 0
1.83935 10.0955 10.0955 1 1 0
1.86689 10.0922 10.0922 1 1 0
1.89443 10.089 10.089 1 1 0
1.92197 10.086 10.086 1 1 0
1.94951 10.083 10.083 1 1 0
1.97705 10.0801 10.0801 1 1 0
2.00459 10.0773 10.0773 1 1 0
2.03213 10.0746 10.0746 1 1 0
2.05967 10.072 10.072 1 1 0
2.08721 10.0695 10.0695 1 1 0
2.11476 10.067 10.067 1 1 0
2.1423 10.0646 10.0646 1 1 0
2.16984 10.0623 10.0623 1 1 0
2.19738 10.06 10.06 1 1 0
2.22492 10.0579 10.0579 1 1 0
2.25246 10.0557 10.0557 1 1 0
2.28 10.0537 10.0537 1 1 0
2.30754 10.0516 10.0516 1 1 0
2.33508 10.0497 10.0497 1 1 0
2.36263 10.0478 10.0478 1 1 0
2.39017 10.0459 10.0459 1 1 0
2.41771 10.0441 10.0441 1 1 0
2.44525 10.0423 10.0423 1 1 0
2.47279 10.0406 10.0406 1 1 0
2.50033 10.0389 10.0389 1 1 0
2.52787 10.0373 10.0373 1 1 0
2.55542 10.0357 10.0357 1 1 0
2.58296 10.0341 10.0341 1 1 0
2.6105 10.0326 10.0326 1 1 0
2.63804 10.0311 10.0311 1 1 0
2.66558 10.0297 10.0297 1 1 0
2.69312 10.0283 10.0283 1 1 0
2.72066 10.0269 10.0269 1 1 0
2.74821 10.0255 10.0255 1 1 0
2.77575 10.0242 10.0242 1 1 0
2.80329 10.0229 10.0229 1 1 0
2.83083 10.0216 10.0216 1 1 0
2.85837 10.0204 10.0204 1 1 0
2.88592 10.0192 10.0192 1 1 0
2.91346 10.018 10.018 1 1 0
2.941 10.0168 10.0168 1 1 0
2.96854 10.0157 10.0157 1 1 0
2.99608 10.0145 10.0145 1 1 0
3.02362 10.0135 10.0135 1 1 0
0.820767 10.434 10.434 4 3 0
0.820773 10.4341 10.4341 4 3 0
0.820804 10.4347 10.4347 4 3 0
0.820867 10.4357 10.4357 4 3 0
0.820969 10.4375 10.4375 4 3 0
0.821117 10.4402 10.4402 4 3 0
0.821311 10.4441 10.4441 4 3 0
0.821547 10.4494 10.4494 4 3 0
0.821806 10.4566 10.4566 4 3 0
0.822041 10.466 10.466 4 3 0
0.822157 10.4783 10.4783 4 3 0
0.822157 10.4786 10.4786 3 3 0
0.821242 10.5127 10.5127 3 3 0
0.816801 10.558 10.558 3 3 0
0.808679 10.6 10.6 3 3 0
0.799912 10.6303 10.6303 3 3 0
0.790924 10.6543 10.6543 3 3 0
0.781795 10.6745 10.6745 3 3 0
0.772582 10.6921 10.6921 3 3 0
0.762387 10.7093 10.7093 3 3 0
0.751126 10.7263 10.7263 3 3 0
0.738703 10.7433 10.7433 3 3 0
0.725011 10.7605 10.7605 3 3 0
0.709928 10.7782 10.7782 3 3 0
0.693321 10.7966 10.7966 3 3 0
0.675043 10.8162 10.8162 3 3 0
0.654931 10.8377 10.8377 3 3 0
0.632807 10.8617 10.8617 3 3 0
0.608477 10.8895 10.8895 3 3 0
0.581729 10.9227 10.9227 3 3 0
0.554372 10.9611 10.9611 3 3 0
0.52705 11.0052 11.0052 3 3 0
0.499777 11.057 11.057 3 3 0
0.47257 11.1187 11.1187 3 3 0
0.445451 11.1932 11.1932 3 3 0
0.418452 11.2838 11.2838 3 3 0
0.391619 11.3953 11.3953 3 3 0
0.365019 11.5333 11.5333 3 3 0
0.338755 11.7046 11.7046 3 3 0
0.31299 11.9155 11.9155 3 3 0
0.288 12.1659 12.1659 3 3 0
0.264275 12.426 12.426 3 3 0
0.242763 12.5689 12.5689 3 3 0
0.233541 12.517 12.517 3 3 0
0.229686 12.4562 12.4562 3 3 0
0.226846 12.3927 12.3927 3 3 0
0.226172 12.375 12.375 3 3 0
0.226107 12.3733 12.3733 3 3 0
0.227518 12.4093 12.4093 3 3 0
0.22772 12.414 12.414 3 3 0
0.233009 12.5102 12.5102 3 3 0
0.239758 12.564 12.564 3 3 0
0.247137 12.5604 12.5604 3 3 0
0.25502 12.5125 12.5125 3 3 0
0.263305 12.436 12.436 3 3 0
0.271913 12.3438 12.3438 3 3 0
0.281685 12.2352 12.2352 3 3 0
0.292725 12.1153 12.1153 3 3 0
0.305147 11.9893 11.9893 3 3 0
0.319074 11.8614 11.8614 3 3 0
0.334637 11.7352 11.7352 3 3 0
0.351984 11.6134 11.6134 3 3 0
0.371275 11.498 11.498 3 3 0
0.392686 11.3904 11.3904 3 3 0
0.41641 11.2915 11.2915 3 3 0
0.442661 11.2017 11.2017 3 3 0
0.469771 11.1258 11.1258 3 3 0
0.496972 11.0629 11.0629 3 3 0
0.52424 11.0102 11.0102 3 3 0
0.551558 10.9653 10.9653 3 3 0
0.578913 10.9265 10.9265 3 3 0
0.606294 10.8921 10.8921 3 3 0
0.633692 10.8607 10.8607 3 3 0
0.661098 10.8311 10.8311 3 3 0
0.6885 10.8018 10.8018 3 3 0
0.715881 10.7713 10.7713 3 3 0
0.743209 10.7373 10.7373 3 3 0
0.770404 10.696 10.696 3 3 0
0.797183 10.6381 10.6381 3 3 0
0.809906 10.5949 10.5949 3 3 0
0.820164 10.5283 10.5283 3 3 0
0.820767 10.434 10.434 4 3 0
0.820767 10.434 10.434 4 3 0
0.821938 10.4955 10.4955 3 3 0
0.768194 10.6998 10.6998 3 3 0
0.739039 10.7429 10.7429 3 3 0
0.711682 10.7762 10.7762 3 3 0
0.684292 10.8064 10.8064 3 3 0
0.656887 10.8356 10.8356 3 3 0
0.629481 10.8654 10.8654 3 3 0
0.602085 10.8971 10.8971 3 3 0
0.574707 10.9321 10.9321 3 3 0
0.547358 10.9718 10.9718 3 3 0
0.520047 11.0177 11.0177 3 3 0
0.492789 11.0718 11.0718 3 3 0
0.465602 11.1365 11.1365 3 3 0
0.438511 11.2147 11.2147 3 3 0
0.411549 11.3103 11.3103 3 3 0
0.384769 11.4279 11.4279 3 3 0
0.358243 11.5738 11.5738 3 3 0
0.332088 11.7547 11.7547 3 3 0
0.30649 11.9763 11.9763 3 3 0
0.281764 12.2343 12.2343 3 3 0
0.258491 12.4827 12.4827 3 3 0
0.237806 12.5551 12.5551 3 3 0
0.229452 12.4516 12.4516 3 3 0
0.222166 12.4511 12.4511 4 3 0
0.222166 12.4511 12.4511 4 3 0
