0 0 0 2 1 0
0.0037594 0 0 1 1 0
0.00657894 0 0 1 1 0
0.0108082 0 0 1 1 0
0.0171518 0 0 1 1 0
0.0266655 0 0 1 1 0
0.0371262 0 0 1 1 0
0.0486235 0 0 1 1 0
0.0612531 0 0 1 1 0
0.0751152 0 0 1 1 0
0.0903125 0 0 1 1 0
0.106946 0 0 1 1 0
0.125108 0 0 1 1 0
0.144864 0 0 1 1 0
0.166218 0 0 1 1 0
0.189043 0 0 1 1 0
0.210803 0 0 1 1 0
0.230889 0 0 1 1 0
0.248376 105.103 105.103 1 1 0
0.262181 61.0089 61.0089 1 1 0
0.271736 54.9998 54.9998 1 1 0
0.276629 58.9578 58.9578 2 1 0
0.280535 86.7461 86.7461 2 1 0
0.283192 86.7461 86.7461 2 1 0
0.285685 86.7461 86.7461 2 1 0
0.289093 86.7461 86.7461 2 1 0
0.294264 86.7461 86.7461 2 1 0
0.301202 86.7461 86.7461 2 1 0
0.309912 86.7461 86.7461 2 1 0
0.320235 71.5933 71.5933 2 1 0
0.331949 36.9751 36.9751 2 1 0
0.344821 27.6434 27.6434 2 1 0
0.358637 23.007 23.007 2 1 0
0.373216 20.2064 20.2064 2 1 0
0.389956 18.1797 18.1797 2 1 0
0.40904 16.6583 16.6583 2 1 0
0.430659 15.486 15.486 2 1 0
0.455016 14.5648 14.5648 2 1 0
0.481698 13.844 13.844 2 1 0
0.508773 13.3042 13.3042 2 1 0
0.536145 12.8865 12.8865 2 1 0
0.563745 12.5549 12.5549 2 1 0
0.591525 12.2859 12.2859 2 1 0
0.619446 12.0639 12.0639 2 1 0
0.647481 11.8778 11.8778 2 1 0
0.675608 11.7199 11.7199 2 1 0
0.703811 11.5842 11.5842 2 1 0
0.732077 11.4667 11.4667 2 1 0
0.760396 11.3638 11.3638 2 1 0
0.788759 11.2732 11.2732 2 1 0
0.81716 11.1928 11.1928 2 1 0
0.845593 11.121 11.121 2 1 0
0.874054 11.0565 11.0565 2 1 0
0.902539 10.9983 10.9983 2 1 0
0.931046 10.9455 10.9455 2 1 0
0.959571 10.8974 10.8974 2 1 0
0.988112 10.8535 10.8535 2 1 0
1.01667 10.8131 10.8131 2 1 0
1.04524 10.776 10.776 2 1 0
1.07138 10.7446 10.7446 2 1 0
1.09997 10.7126 10.7126 1 1 0
1.12857 10.683 10.683 1 1 0
1.15718 10.6554 10.6554 1 1 0
1.18579 10.6296 10.6296 1 1 0
1.21441 10.6055 10.6055 1 1 0
1.24304 10.583 10.583 1 1 0
1.27167 10.5618 10.5618 1 1 0
1.30031 10.5419 10.5419 1 1 0
1.32896 10.5231 10.5231 1 1 0
1.3576 10.5054 10.5054 1 1 0
1.38626 10.4887 10.4887 1 1 0
1.41491 10.4728 10.4728 1 1 0
1.44357 10.4578 10.4578 1 1 0
1.47223 10.4435 10.4435 1 1 0
1.5009 10.43 10.43 1 1 0
1.52957 10.4171 10.4171 1 1 0
1.55824 10.4048 10.4048 1 1 0
1.58691 10.3931 10.3931 1 1 0
1.61559 10.3819 10.3819 1 1 0
1.64427 10.3712 10.3712 1 1 0
1.67295 10.361 10.361 1 1 0
1.70163 10.3512 10.3512 1 1 0
1.73031 10.3418 10.3418 1 1 0
1.759 10.3328 10.3328 1 1 0
1.78768 10.3242 10.3242 1 1 0
1.81637 10.3159 10.3159 1 1 0
1.84506 10.3079 10.3079 1 1 0
1.87375 10.3002 10.3002 1 1 0
1.90245 10.2928 10.2928 1 1 0
1.93114 10.2857 10.2857 1 1 0
1.95983 10.2788 10.2788 1 1 0
1.98853 10.2722 10.2722 1 1 0
2.01722 10.2658 10.2658 1 1 0
2.04592 10.2596 10.2596 1 1 0
2.07462 10.2536 10.2536 1 1 0
2.10332 10.2479 10.2479 1 1 0
2.13202 10.2423 10.2423 1 1 0
2.16072 10.2369 10.2369 1 1 0
2.18942 10.2316 10.2316 1 1 0
2.21812 10.2265 10.2265 1 1 0
2.24683 10.2216 10.2216 1 1 0
2.27553 10.2168 10.2168 1 1 0
2.30424 10.2122 10.2122 1 1 0
2.33294 10.2077 10.2077 1 1 0
2.36165 10.2033 10.2033 1 1 0
2.39035 10.1991 10.1991 1 1 0
2.41906 10.195 10.195 1 1 0
2.44776 10.191 10.191 1 1 0
2.47647 10.187 10.187 1 1 0
2.50518 10.1833 10.1833 1 1 0
2.53389 10.1796 10.1796 1 1 0
2.5626 10.176 10.176 1 1 0
2.59131 10.1724 10.1724 1 1 0
2.62002 10.169 10.169 1 1 0
2.64873 10.1657 10.1657 1 1 0
2.67744 10.1624 10.1624 1 1 0
2.70615 10.1593 10.1593 1 1 0
2.73486 10.1562 10.1562 1 1 0
2.76357 10.1532 10.1532 1 1 0
2.79228 10.1502 10.1502 1 1 0
2.82099 10.1473 10.1473 1 1 0
2.84971 10.1445 10.1445 1 1 0
2.87842 10.1418 10.1418 1 1 0
2.90713 10.1391 10.1391 1 1 0
2.93584 10.1365 10.1365 1 1 0
2.96456 10.1339 10.1339 1 1 0
2.99327 10.1314 10.1314 1 1 0
3.02199 10.1289 10.1289 1 1 0
1.07138 10.7446 10.7446 4 3 0
1.0714 10.7447 10.7447 4 3 0
1.07153 10.7452 10.7452 4 3 0
1.07178 10.7463 10.7463 4 3 0
1.07219 10.748 10.748 4 3 0
1.07281 10.7507 10.7507 4 3 0
1.07367 10.7544 10.7544 4 3 0
1.07481 10.7594 10.7594 4 3 0
1.07627 10.7658 10.7658 4 3 0
1.0781 10.7741 10.7741 4 3 0
1.08033 10.7843 10.7843 4 3 0
1.083 10.797 10.797 4 3 0
1.08613 10.8125 10.8125 4 3 0
1.08977 10.8315 10.8315 4 3 0
1.09392 10.8546 10.8546 4 3 0
1.09857 10.883 10.883 4 3 0
1.10366 10.9186 10.9186 4 3 0
1.10894 10.9643 10.9643 4 3 0
1.11366 11.0241 11.0241 4 3 0
1.1159 11.0995 11.0995 4 3 0
1.11589 11.1068 11.1068 3 3 0
1.109 11.2382 11.2382 3 3 0
1.09625 11.3343 11.3343 3 3 0
1.08199 11.4112 11.4112 3 3 0
1.06679 11.4799 11.4799 3 3 0
1.05096 11.5443 11.5443 3 3 0
1.03304 11.6125 11.6125 3 3 0
1.01289 11.6863 11.6863 3 3 0
0.990321 11.768 11.768 3 3 0
0.965133 11.8602 11.8602 3 3 0
0.939051 11.9592 11.9592 3 3 0
0.912743 12.0647 12.0647 3 3 0
0.886266 12.1783 12.1783 3 3 0
0.859665 12.3021 12.3021 3 3 0
0.832978 12.4381 12.4381 3 3 0
0.806239 12.5886 12.5886 3 3 0
0.779476 12.7561 12.7561 3 3 0
0.752715 12.9435 12.9435 3 3 0
0.72598 13.1541 13.1541 3 3 0
0.699291 13.392 13.392 3 3 0
0.672667 13.6617 13.6617 3 3 0
0.646122 13.9686 13.9686 3 3 0
0.619669 14.3192 14.3192 3 3 0
0.593317 14.7217 14.7217 3 3 0
0.567073 15.1856 15.1856 3 3 0
0.540941 15.7232 15.7232 3 3 0
0.514923 16.3498 16.3498 3 3 0
0.489025 17.0857 17.0857 3 3 0
0.463263 17.9576 17.9576 3 3 0
0.437671 19.003 19.003 3 3 0
0.412324 20.2757 20.2757 3 3 0
0.387365 21.8577 21.8577 3 3 0
0.363043 23.8791 23.8791 3 3 0
0.339761 26.5583 26.5583 3 3 0
0.318135 30.2872 30.2872 3 3 0
0.299091 35.8431 35.8431 3 3 0
0.28408 45.0436 45.0436 3 3 0
0.275728 63.6043 63.6043 3 3 0
0.275011 78.508 78.508 3 3 0
0.274995 87.6827 87.6827 4 3 0
0.275011 97.5606 97.5606 4 3 0
0.275095 91.6601 91.6601 4 3 0
0.275161 87.5647 87.5647 4 3 0
0.275249 83.0606 83.0606 4 3 0
0.275377 77.9969 77.9969 4 3 0
0.27559 72.021 72.021 4 3 0
0.27592 66.1159 66.1159 4 3 0
0.276344 61.3167 61.3167 4 3 0
0.27662 59.0263 59.0263 3 3 0
0.276629 58.9586 58.9586 4 3 0
0.276524 59.7666 59.7666 4 3 0
0.276518 59.8163 59.8163 4 3 0
0.275916 66.1771 66.1771 4 3 0
0.275451 75.6296 75.6296 4 3 0
0.275226 84.1552 84.1552 4 3 0
0.275106 90.9731 90.9731 4 3 0
0.275041 95.6266 95.6266 4 3 0
0.27501 97.5708 97.5708 4 3 0
0.274999 95.867 95.867 4 3 0
0.274995 90.8121 90.8121 4 3 0
0.274995 87.6806 87.6806 3 3 0
0.275133 71.4754 71.4754 3 3 0
0.277593 55.4082 55.4082 3 3 0
0.283508 45.631 45.631 3 3 0
0.291841 39.277 39.277 3 3 0
0.302003 34.7456 34.7456 3 3 0
0.313577 31.3392 31.3392 3 3 0
0.326245 28.6848 28.6848 3 3 0
0.339757 26.5588 26.5588 3 3 0
0.353914 24.818 24.818 3 3 0
0.36856 23.3661 23.3661 3 3 0
0.383571 22.1361 22.1361 3 3 0
0.398853 21.0804 21.0804 3 3 0
0.414335 20.1641 20.1641 3 3 0
0.431539 19.2862 19.2862 3 3 0
0.450621 18.4484 18.4484 3 3 0
0.471752 17.6527 17.6527 3 3 0
0.495128 16.9008 16.9008 3 3 0
0.520972 16.195 16.195 3 3 0
0.547025 15.5905 15.5905 3 3 0
0.573191 15.0712 15.0712 3 3 0
0.599465 14.6225 14.6225 3 3 0
0.625845 14.2329 14.2329 3 3 0
0.652323 13.8931 13.8931 3 3 0
0.678889 13.5954 13.5954 3 3 0
0.705531 13.3337 13.3337 3 3 0
0.732234 13.1025 13.1025 3 3 0
0.758977 12.8976 12.8976 3 3 0
0.785741 12.7152 12.7152 3 3 0
0.812502 12.552 12.552 3 3 0
0.839232 12.4051 12.4051 3 3 0
0.865902 12.2721 12.2721 3 3 0
0.892477 12.1509 12.1509 3 3 0
0.918919 12.0393 12.0393 3 3 0
0.945179 11.9356 11.9356 3 3 0
0.971197 11.8378 11.8378 3 3 0
0.996893 11.7442 11.7442 3 3 0
1.02215 11.6526 11.6526 3 3 0
1.0468 11.5605 11.5605 3 3 0
1.07052 11.4639 11.4639 3 3 0
1.09263 11.3556 11.3556 3 3 0
1.11103 11.2162 11.2162 3 3 0
1.11584 11.115 11.115 3 3 0
1.11576 11.0827 11.0827 4 3 0
1.09217 10.8446 10.8446 4 3 0
1.0813 10.7889 10.7889 4 3 0
1.07361 10.7541 10.7541 4 3 0
1.08296 10.7968 10.7968 4 3 0
1.10479 10.9275 10.9275 4 3 0
1.11429 11.036 11.036 4 3 0
1.1159 11.1018 11.1018 4 3 0
1.10235 11.2938 11.2938 3 3 0
1.08044 11.4186 11.4186 3 3 0
1.05721 11.5195 11.5195 3 3 0
1.03289 11.6131 11.6131 3 3 0
1.00786 11.7045 11.7045 3 3 0
0.982332 11.797 11.797 3 3 0
0.956439 11.8927 11.8927 3 3 0
0.930275 11.9937 11.9937 3 3 0
0.903904 12.1017 12.1017 3 3 0
0.877381 12.2185 12.2185 3 3 0
0.850748 12.3462 12.3462 3 3 0
0.82404 12.4867 12.4867 3 3 0
0.797289 12.6426 12.6426 3 3 0
0.770524 12.8164 12.8164 3 3 0
0.74377 13.0112 13.0112 3 3 0
0.717048 13.2305 13.2305 3 3 0
0.690379 13.4784 13.4784 3 3 0
0.66378 13.7599 13.7599 3 3 0
0.637264 14.0806 14.0806 3 3 0
0.610844 14.4476 14.4476 3 3 0
0.584528 14.8694 14.8694 3 3 0
0.558321 15.3565 15.3565 3 3 0
0.532226 15.922 15.922 3 3 0
0.506248 16.5826 16.5826 3 3 0
0.480393 17.3606 17.3606 3 3 0
0.454682 18.2857 18.2857 3 3 0
0.429161 19.4 19.4 3 3 0
0.403924 20.7652 20.7652 3 3 0
0.379144 22.4764 22.4764 3 3 0
0.355115 24.6873 24.6873 3 3 0
0.332306 27.6613 27.6613 3 3 0
0.311421 31.8845 31.8845 3 3 0
0.293526 38.366 38.366 3 3 0
0.280361 49.6608 49.6608 3 3 0
0.275044 75.2385 75.2385 3 3 0
0.274995 88.6132 88.6132 4 3 0
0.275013 97.4869 97.4869 4 3 0
0.275112 90.5295 90.5295 4 3 0
0.275185 86.2051 86.2051 4 3 0
0.275284 81.5057 81.5057 4 3 0
0.275429 76.3011 76.3011 4 3 0
0.275645 70.8285 70.8285 4 3 0
0.275962 65.5405 65.5405 4 3 0
0.276347 61.2838 61.2838 4 3 0
0.27661 59.1016 59.1016 4 3 0
0.276629 58.958 58.958 4 3 0
0.276064 64.2534 64.2534 4 3 0
0.275432 76.1857 76.1857 4 3 0
0.275183 86.3191 86.3191 4 3 0
0.275067 93.6482 93.6482 4 3 0
0.275015 97.4004 97.4004 4 3 0
0.274998 95.5068 95.5068 4 3 0
0.274995 88.2375 88.2375 4 3 0
0.274995 87.3705 87.3705 3 3 0
0.275381 66.9682 66.9682 3 3 0
0.280901 48.8462 48.8462 3 3 0
0.285178 44.0024 44.0024 3 3 0
0.290061 40.3397 40.3397 3 3 0
0.295659 37.3204 37.3204 3 3 0
0.301874 34.7916 34.7916 3 3 0
0.30862 32.6462 32.6462 3 3 0
0.315822 30.8053 30.8053 3 3 0
0.323416 29.2099 29.2099 3 3 0
0.331346 27.8151 27.8151 3 3 0
0.340402 26.4703 26.4703 3 3 0
0.350704 25.179 25.179 3 3 0
0.362372 23.9441 23.9441 3 3 0
0.37553 22.7674 22.7674 3 3 0
0.388945 21.7451 21.7451 3 3 0
0.403928 20.7649 20.7649 3 3 0
0.420617 19.8282 19.8282 3 3 0
0.439156 18.9364 18.9364 3 3 0
0.459709 18.091 18.091 3 3 0
0.482461 17.2933 17.2933 3 3 0
0.505326 16.6081 16.6081 3 3 0
0.530594 15.9604 15.9604 3 3 0
0.556688 15.3894 15.3894 3 3 0
0.582894 14.8977 14.8977 3 3 0
0.609208 14.4721 14.4721 3 3 0
0.635625 14.1019 14.1019 3 3 0
0.662137 13.7785 13.7785 3 3 0
0.688733 13.4948 13.4948 3 3 0
0.715399 13.2449 13.2449 3 3 0
0.742119 13.0239 13.0239 3 3 0
0.768873 12.8277 12.8277 3 3 0
0.795639 12.6528 12.6528 3 3 0
0.822391 12.4959 12.4959 3 3 0
0.849103 12.3544 12.3544 3 3 0
0.875742 12.226 12.226 3 3 0
0.902273 12.1086 12.1086 3 3 0
0.928653 12.0001 12.0001 3 3 0
0.954832 11.8988 11.8988 3 3 0
0.980742 11.8028 11.8028 3 3 0
1.00629 11.7102 11.7102 3 3 0
1.03135 11.6188 11.6188 3 3 0
1.0557 11.5255 11.5255 3 3 0
1.07894 11.4258 11.4258 3 3 0
1.10009 11.3096 11.3096 3 3 0
1.11526 11.1432 11.1432 3 3 0
1.1159 11.1016 11.1016 4 3 0
1.10263 10.9109 10.9109 4 3 0
1.08413 10.8026 10.8026 4 3 0
1.07255 10.7495 10.7495 4 3 0
1.07138 10.7446 10.7446 3 3 0
1.08471 10.8054 10.8054 4 3 0
1.10735 10.9492 10.9492 4 3 0
1.11556 11.0716 11.0716 4 3 0
1.11585 11.1136 11.1136 3 3 0
1.10704 11.2565 11.2565 3 3 0
1.09202 11.359 11.359 3 3 0
1.07552 11.4416 11.4416 3 3 0
1.05804 11.5161 11.5161 3 3 0
1.03993 11.5867 11.5867 3 3 0
1.01947 11.6624 11.6624 3 3 0
0.996519 11.7455 11.7455 3 3 0
0.970861 11.839 11.839 3 3 0
0.944838 11.9369 11.9369 3 3 0
0.918574 12.0407 12.0407 3 3 0
0.89213 12.1524 12.1524 3 3 0
0.865553 12.2738 12.2738 3 3 0
0.838882 12.4069 12.4069 3 3 0
0.812152 12.554 12.554 3 3 0
0.785392 12.7174 12.7174 3 3 0
0.758629 12.9002 12.9002 3 3 0
0.731886 13.1054 13.1054 3 3 0
0.705185 13.3369 13.3369 3 3 0
0.678545 13.5991 13.5991 3 3 0
0.651982 13.8972 13.8972 3 3 0
0.625508 14.2376 14.2376 3 3 0
0.599133 14.6278 14.6278 3 3 0
0.572864 15.0772 15.0772 3 3 0
0.546707 15.5973 15.5973 3 3 0
0.520663 16.2027 16.2027 3 3 0
0.494738 16.9124 16.9124 3 3 0
0.468944 17.7515 17.7515 3 3 0
0.44331 18.7546 18.7546 3 3 0
0.417899 19.9712 19.9712 3 3 0
0.392838 21.4758 21.4758 3 3 0
0.368347 23.3852 23.3852 3 3 0
0.34479 25.8934 25.8934 3 3 0
0.322731 29.3422 29.3422 3 3 0
0.303015 34.3922 34.3922 3 3 0
0.286944 42.5211 42.5211 3 3 0
0.276799 58.0049 58.0049 3 3 0
0.275169 70.5454 70.5454 3 3 0
0.274995 84.8205 84.8205 3 3 0
0.274995 87.7633 87.7633 4 3 0
0.275011 97.5566 97.5566 4 3 0
0.275097 91.5692 91.5692 4 3 0
0.275163 87.454 87.454 4 3 0
0.275252 82.9331 82.9331 4 3 0
0.275381 77.8569 77.8569 4 3 0
0.275597 71.8753 71.8753 4 3 0
0.27593 65.9821 65.9821 4 3 0
0.276353 61.227 61.227 4 3 0
0.276622 59.0113 59.0113 4 3 0
0.276053 64.3824 64.3824 4 3 0
0.275923 66.075 66.075 4 3 0
0.275135 89.1051 89.1051 4 3 0
0.275037 95.9775 95.9775 4 3 0
0.275002 96.9959 96.9959 4 3 0
0.274995 89.9928 89.9928 4 3 0
0.274995 87.6806 87.6806 4 3 0
0.275595 64.7013 64.7013 3 3 0
0.283602 45.5323 45.5323 3 3 0
0.289142 40.936 40.936 3 3 0
0.295233 37.5205 37.5205 3 3 0
0.302072 34.7212 34.7212 3 3 0
0.309549 32.3865 32.3865 3 3 0
0.317565 30.412 30.412 3 3 0
0.326038 28.7221 28.7221 3 3 0
0.334896 27.2604 27.2604 3 3 0
0.344077 25.9842 25.9842 3 3 0
0.354489 24.7552 24.7552 3 3 0
0.366254 23.576 23.576 3 3 0
0.379494 22.4488 22.4488 3 3 0
0.394336 21.375 21.375 3 3 0
0.409391 20.4422 20.4422 3 3 0
0.426135 19.5481 19.5481 3 3 0
0.444718 18.6942 18.6942 3 3 0
0.465306 17.8825 17.8825 3 3 0
0.488087 17.1148 17.1148 3 3 0
0.513276 16.3931 16.3931 3 3 0
0.539295 15.7599 15.7599 3 3 0
0.565428 15.2171 15.2171 3 3 0
0.59167 14.7488 14.7488 3 3 0
0.618019 14.3428 14.3428 3 3 0
0.644469 13.9891 13.9891 3 3 0
0.67101 13.6796 13.6796 3 3 0
0.697632 13.4078 13.4078 3 3 0
0.724318 13.1681 13.1681 3 3 0
0.751052 12.9559 12.9559 3 3 0
0.777812 12.7671 12.7671 3 3 0
0.804576 12.5985 12.5985 3 3 0
0.831318 12.447 12.447 3 3 0
0.858009 12.3102 12.3102 3 3 0
0.884616 12.1857 12.1857 3 3 0
0.911102 12.0715 12.0715 3 3 0
0.937421 11.9656 11.9656 3 3 0
0.963518 11.8662 11.8662 3 3 0
0.98932 11.7716 11.7716 3 3 0
1.01472 11.6797 11.6797 3 3 0
1.03958 11.588 11.588 3 3 0
1.06362 11.4933 11.4933 3 3 0
1.08632 11.3896 11.3896 3 3 0
1.10626 11.2633 11.2633 3 3 0
1.11361 11.1801 11.1801 3 3 0
1.1159 11.1018 11.1018 3 3 0
1.10263 10.9109 10.9109 4 3 0
1.08413 10.8025 10.8025 4 3 0
1.07254 10.7495 10.7495 4 3 0
1.07138 10.7446 10.7446 3 3 0
1.0847 10.8054 10.8054 4 3 0
1.10734 10.9491 10.9491 4 3 0
1.11556 11.0714 11.0714 4 3 0
1.11585 11.1135 11.1135 3 3 0
1.10705 11.2565 11.2565 3 3 0
1.09203 11.3589 11.3589 3 3 0
1.07553 11.4415 11.4415 3 3 0
1.05806 11.5161 11.5161 3 3 0
1.03994 11.5867 11.5867 3 3 0
1.01949 11.6624 11.6624 3 3 0
0.996531 11.7455 11.7455 3 3 0
0.970873 11.839 11.839 3 3 0
0.94485 11.9368 11.9368 3 3 0
0.918587 12.0407 12.0407 3 3 0
0.892143 12.1523 12.1523 3 3 0
0.865566 12.2737 12.2737 3 3 0
0.838895 12.4069 12.4069 3 3 0
0.812165 12.5539 12.5539 3 3 0
0.785405 12.7174 12.7174 3 3 0
0.758641 12.9001 12.9001 3 3 0
0.731899 13.1053 13.1053 3 3 0
0.705198 13.3367 13.3367 3 3 0
0.678558 13.5989 13.5989 3 3 0
0.651994 13.897 13.897 3 3 0
0.62552 14.2374 14.2374 3 3 0
0.599145 14.6276 14.6276 3 3 0
0.572877 15.077 15.077 3 3 0
0.546719 15.597 15.597 3 3 0
0.520676 16.2024 16.2024 3 3 0
0.494751 16.9121 16.9121 3 3 0
0.468956 17.7511 17.7511 3 3 0
0.443322 18.754 18.754 3 3 0
0.417911 19.9706 19.9706 3 3 0
0.39285 21.475 21.475 3 3 0
0.368358 23.3842 23.3842 3 3 0
0.344801 25.892 25.892 3 3 0
0.322741 29.3402 29.3402 3 3 0
0.303024 34.3892 34.3892 3 3 0
0.286951 42.5161 42.5161 3 3 0
0.276802 57.994 57.994 3 3 0
0.27517 70.5297 70.5297 3 3 0
0.274996 84.8037 84.8037 3 3 0
0.274995 87.7599 87.7599 4 3 0
0.275011 97.5568 97.5568 4 3 0
0.275097 91.5734 91.5734 4 3 0
0.275163 87.4592 87.4592 4 3 0
0.275251 82.9391 82.9391 4 3 0
0.27538 77.8634 77.8634 4 3 0
0.275596 71.8821 71.8821 4 3 0
0.27593 65.9883 65.9883 4 3 0
0.276353 61.2312 61.2312 4 3 0
0.276622 59.012 59.012 4 3 0
0.276053 64.3767 64.3767 4 3 0
0.275924 66.0702 66.0702 4 3 0
0.275135 89.1019 89.1019 4 3 0
0.275037 95.9759 95.9759 4 3 0
0.275002 96.9972 96.9972 4 3 0
0.274995 89.9965 89.9965 4 3 0
0.274995 87.6806 87.6806 4 3 0
0.275595 64.7013 64.7013 3 3 0
0.283602 45.5323 45.5323 3 3 0
0.289142 40.936 40.936 3 3 0
0.295233 37.5205 37.5205 3 3 0
0.302072 34.7212 34.7212 3 3 0
0.309549 32.3865 32.3865 3 3 0
0.317565 30.412 30.412 3 3 0
0.326038 28.7221 28.7221 3 3 0
0.334896 27.2604 27.2604 3 3 0
0.344077 25.9842 25.9842 3 3 0
0.354489 24.7552 24.7552 3 3 0
0.366254 23.576 23.576 3 3 0
0.379494 22.4488 22.4488 3 3 0
0.394336 21.375 21.375 3 3 0
0.409391 20.4422 20.4422 3 3 0
0.426135 19.5481 19.5481 3 3 0
0.444718 18.6942 18.6942 3 3 0
0.465306 17.8825 17.8825 3 3 0
0.488087 17.1148 17.1148 3 3 0
0.513276 16.3931 16.3931 3 3 0
0.539295 15.7599 15.7599 3 3 0
0.565428 15.2171 15.2171 3 3 0
0.59167 14.7488 14.7488 3 3 0
0.618019 14.3428 14.3428 3 3 0
0.644469 13.9891 13.9891 3 3 0
0.67101 13.6796 13.6796 3 3 0
0.697632 13.4078 13.4078 3 3 0
0.724318 13.1681 13.1681 3 3 0
0.751052 12.9559 12.9559 3 3 0
0.777812 12.7671 12.7671 3 3 0
0.804576 12.5985 12.5985 3 3 0
0.831318 12.447 12.447 3 3 0
0.858009 12.3102 12.3102 3 3 0
0.884616 12.1857 12.1857 3 3 0
0.911102 12.0715 12.0715 3 3 0
0.937421 11.9656 11.9656 3 3 0
0.963518 11.8662 11.8662 3 3 0
0.98932 11.7716 11.7716 3 3 0
1.01472 11.6797 11.6797 3 3 0
1.03958 11.588 11.588 3 3 0
1.06362 11.4933 11.4933 3 3 0
1.08632 11.3896 11.3896 3 3 0
1.10626 11.2633 11.2633 3 3 0
1.11361 11.1801 11.1801 3 3 0
1.1159 11.1018 11.1018 3 3 0
1.10263 10.9109 10.9109 4 3 0
1.08413 10.8025 10.8025 4 3 0
1.07254 10.7495 10.7495 4 3 0
1.07138 10.7446 10.7446 4 3 0
1.08472 10.8054 10.8054 4 3 0
1.08544 10.809 10.809 4 3 0
1.10744 10.95 10.95 4 3 0
1.11559 11.0728 11.0728 4 3 0
1.11584 11.1146 11.1146 3 3 0
1.10171 11.2984 11.2984 3 3 0
1.07986 11.4214 11.4214 3 3 0
1.0566 11.522 11.522 3 3 0
1.03226 11.6154 11.6154 3 3 0
1.00721 11.7069 11.7069 3 3 0
0.98167 11.7994 11.7994 3 3 0
0.95577 11.8953 11.8953 3 3 0
0.929599 11.9964 11.9964 3 3 0
0.903224 12.1045 12.1045 3 3 0
0.876697 12.2216 12.2216 3 3 0
0.850062 12.3496 12.3496 3 3 0
0.823352 12.4905 12.4905 3 3 0
0.796601 12.6468 12.6468 3 3 0
0.769836 12.8211 12.8211 3 3 0
0.743082 13.0165 13.0165 3 3 0
0.716362 13.2365 13.2365 3 3 0
0.689694 13.4852 13.4852 3 3 0
0.663097 13.7676 13.7676 3 3 0
0.636584 14.0894 14.0894 3 3 0
0.610166 14.4578 14.4578 3 3 0
0.583853 14.8811 14.8811 3 3 0
0.557648 15.37 15.37 3 3 0
0.531557 15.9377 15.9377 3 3 0
0.505581 16.6011 16.6011 3 3 0
0.47973 17.3824 17.3824 3 3 0
0.454023 18.3118 18.3118 3 3 0
0.428508 19.4316 19.4316 3 3 0
0.40328 20.8044 20.8044 3 3 0
0.378515 22.5261 22.5261 3 3 0
0.354511 24.7528 24.7528 3 3 0
0.331741 27.7514 27.7514 3 3 0
0.310918 32.0166 32.0166 3 3 0
0.293118 38.5789 38.5789 3 3 0
0.280109 50.065 50.065 3 3 0
0.275029 76.3728 76.3728 3 3 0
0.274995 89.0874 89.0874 4 3 0
0.275003 97.1319 97.1319 4 3 0
0.275018 97.255 97.255 4 3 0
0.275055 94.562 94.562 4 3 0
0.275124 89.761 89.761 4 3 0
0.275242 83.3678 83.3678 4 3 0
0.275446 75.7907 75.7907 4 3 0
0.275813 67.7439 67.7439 4 3 0
0.276372 61.0543 61.0543 4 3 0
0.276581 59.3238 59.3238 4 3 0
0.276629 58.9578 58.9578 4 3 0
0.2763 61.7239 61.7239 4 3 0
0.276252 62.1936 62.1936 4 3 0
0.275525 73.5988 73.5988 4 3 0
0.275203 85.2677 85.2677 4 3 0
0.275068 93.5817 93.5817 4 3 0
0.275012 97.5269 97.5269 4 3 0
0.274997 93.7859 93.7859 4 3 0
0.274995 87.6806 87.6806 3 3 0
0.275595 64.7015 64.7015 3 3 0
0.283602 45.5324 45.5324 3 3 0
0.289142 40.9361 40.9361 3 3 0
0.295233 37.5206 37.5206 3 3 0
0.302072 34.7213 34.7213 3 3 0
0.309548 32.3865 32.3865 3 3 0
0.317565 30.412 30.412 3 3 0
0.326038 28.7221 28.7221 3 3 0
0.334896 27.2604 27.2604 3 3 0
0.344076 25.9842 25.9842 3 3 0
0.354488 24.7552 24.7552 3 3 0
0.366253 23.5761 23.5761 3 3 0
0.379494 22.4489 22.4489 3 3 0
0.394336 21.375 21.375 3 3 0
0.409391 20.4422 20.4422 3 3 0
0.426135 19.5481 19.5481 3 3 0
0.444718 18.6942 18.6942 3 3 0
0.465306 17.8825 17.8825 3 3 0
0.488086 17.1148 17.1148 3 3 0
0.513276 16.3931 16.3931 3 3 0
0.539295 15.7599 15.7599 3 3 0
0.565428 15.2171 15.2171 3 3 0
0.59167 14.7488 14.7488 3 3 0
0.618019 14.3428 14.3428 3 3 0
0.644469 13.9891 13.9891 3 3 0
0.67101 13.6796 13.6796 3 3 0
0.697631 13.4078 13.4078 3 3 0
0.724318 13.1681 13.1681 3 3 0
0.751051 12.9559 12.9559 3 3 0
0.777812 12.7671 12.7671 3 3 0
0.804576 12.5985 12.5985 3 3 0
0.831318 12.447 12.447 3 3 0
0.858009 12.3102 12.3102 3 3 0
0.884616 12.1857 12.1857 3 3 0
0.911102 12.0715 12.0715 3 3 0
0.937421 11.9656 11.9656 3 3 0
0.963518 11.8662 11.8662 3 3 0
0.98932 11.7716 11.7716 3 3 0
1.01472 11.6797 11.6797 3 3 0
1.03958 11.588 11.588 3 3 0
1.06362 11.4933 11.4933 3 3 0
1.08632 11.3896 11.3896 3 3 0
1.10626 11.2633 11.2633 3 3 0
1.11361 11.1801 11.1801 3 3 0
1.1159 11.1018 11.1018 3 3 0
1.10263 10.9109 10.9109 4 3 0
1.08413 10.8025 10.8025 4 3 0
1.07254 10.7495 10.7495 4 3 0
1.07138 10.7446 10.7446 3 3 0
1.07145 10.7449 10.7449 4 3 0
1.08468 10.8053 10.8053 4 3 0
1.10721 10.9479 10.9479 4 3 0
1.11551 11.0694 11.0694 4 3 0
1.11586 11.1118 11.1118 3 3 0
1.10715 11.2555 11.2555 3 3 0
1.09215 11.3583 11.3583 3 3 0
1.07565 11.441 11.441 3 3 0
1.05818 11.5156 11.5156 3 3 0
1.04007 11.5862 11.5862 3 3 0
1.01962 11.6619 11.6619 3 3 0
0.996667 11.745 11.745 3 3 0
0.971011 11.8385 11.8385 3 3 0
0.944989 11.9363 11.9363 3 3 0
0.918727 12.0401 12.0401 3 3 0
0.892284 12.1517 12.1517 3 3 0
0.865708 12.2731 12.2731 3 3 0
0.839037 12.4061 12.4061 3 3 0
0.812307 12.5531 12.5531 3 3 0
0.785547 12.7164 12.7164 3 3 0
0.758784 12.899 12.899 3 3 0
0.732041 13.1041 13.1041 3 3 0
0.70534 13.3354 13.3354 3 3 0
0.6787 13.5974 13.5974 3 3 0
0.652136 13.8954 13.8954 3 3 0
0.625661 14.2355 14.2355 3 3 0
0.599285 14.6254 14.6254 3 3 0
0.573016 15.0744 15.0744 3 3 0
0.546858 15.594 15.594 3 3 0
0.520814 16.1989 16.1989 3 3 0
0.494888 16.908 16.908 3 3 0
0.469093 17.7462 17.7462 3 3 0
0.443458 18.7482 18.7482 3 3 0
0.418046 19.9634 19.9634 3 3 0
0.392982 21.466 21.466 3 3 0
0.368487 23.3727 23.3727 3 3 0
0.344923 25.8765 25.8765 3 3 0
0.322853 29.3184 29.3184 3 3 0
0.303121 34.3561 34.3561 3 3 0
0.287023 42.4596 42.4596 3 3 0
0.276834 57.8737 57.8737 3 3 0
0.275177 70.3554 70.3554 3 3 0
0.274996 84.6174 84.6174 3 3 0
0.274995 87.7296 87.7296 4 3 0
0.275011 97.5584 97.5584 4 3 0
0.275096 91.6106 91.6106 4 3 0
0.275162 87.5045 87.5045 4 3 0
0.27525 82.9913 82.9913 4 3 0
0.275379 77.9207 77.9207 4 3 0
0.275594 71.9417 71.9417 4 3 0
0.275926 66.043 66.043 4 3 0
0.276349 61.2677 61.2677 4 3 0
0.276621 59.0178 59.0178 4 3 0
0.276057 64.3276 64.3276 4 3 0
0.275927 66.0279 66.0279 4 3 0
0.275135 89.0745 89.0745 4 3 0
0.275037 95.9618 95.9618 4 3 0
0.275002 97.0088 97.0088 4 3 0
0.274995 90.0289 90.0289 4 3 0
0.274995 87.6806 87.6806 4 3 0
0.275595 64.7015 64.7015 3 3 0
0.283602 45.5324 45.5324 3 3 0
0.289142 40.9361 40.9361 3 3 0
0.295233 37.5206 37.5206 3 3 0
0.302072 34.7213 34.7213 3 3 0
0.309548 32.3865 32.3865 3 3 0
0.317565 30.412 30.412 3 3 0
0.326038 28.7221 28.7221 3 3 0
0.334896 27.2604 27.2604 3 3 0
0.344076 25.9842 25.9842 3 3 0
0.354488 24.7552 24.7552 3 3 0
0.366253 23.5761 23.5761 3 3 0
0.379494 22.4489 22.4489 3 3 0
0.394336 21.375 21.375 3 3 0
0.409391 20.4422 20.4422 3 3 0
0.426135 19.5481 19.5481 3 3 0
0.444718 18.6942 18.6942 3 3 0
0.465306 17.8825 17.8825 3 3 0
0.488086 17.1148 17.1148 3 3 0
0.513276 16.3931 16.3931 3 3 0
0.539295 15.7599 15.7599 3 3 0
0.565428 15.2171 15.2171 3 3 0
0.59167 14.7488 14.7488 3 3 0
0.618019 14.3428 14.3428 3 3 0
0.644469 13.9891 13.9891 3 3 0
0.67101 13.6796 13.6796 3 3 0
0.697631 13.4078 13.4078 3 3 0
0.724318 13.1681 13.1681 3 3 0
0.751051 12.9559 12.9559 3 3 0
0.777812 12.7671 12.7671 3 3 0
0.804576 12.5985 12.5985 3 3 0
0.831318 12.447 12.447 3 3 0
0.858009 12.3102 12.3102 3 3 0
0.884616 12.1857 12.1857 3 3 0
0.911102 12.0715 12.0715 3 3 0
0.937421 11.9656 11.9656 3 3 0
0.963518 11.8662 11.8662 3 3 0
0.98932 11.7716 11.7716 3 3 0
1.01472 11.6797 11.6797 3 3 0
1.03958 11.588 11.588 3 3 0
1.06362 11.4933 11.4933 3 3 0
1.08632 11.3896 11.3896 3 3 0
1.10626 11.2633 11.2633 3 3 0
1.11361 11.1801 11.1801 3 3 0
1.1159 11.1018 11.1018 3 3 0
1.10263 10.9109 10.9109 4 3 0
1.08413 10.8025 10.8025 4 3 0
1.07254 10.7495 10.7495 4 3 0
1.07138 10.7446 10.7446 3 3 0
1.08473 10.8055 10.8055 4 3 0
1.10737 10.9494 10.9494 4 3 0
1.11557 11.0718 11.0718 4 3 0
1.11585 11.1138 11.1138 3 3 0
1.10703 11.2567 11.2567 3 3 0
1.09201 11.3591 11.3591 3 3 0
1.07551 11.4416 11.4416 3 3 0
1.05803 11.5162 11.5162 3 3 0
1.03991 11.5868 11.5868 3 3 0
1.01946 11.6625 11.6625 3 3 0
0.996502 11.7456 11.7456 3 3 0
0.970843 11.8391 11.8391 3 3 0
0.94482 11.9369 11.9369 3 3 0
0.918557 12.0408 12.0408 3 3 0
0.892113 12.1525 12.1525 3 3 0
0.865535 12.2739 12.2739 3 3 0
0.838865 12.407 12.407 3 3 0
0.812134 12.5541 12.5541 3 3 0
0.785374 12.7176 12.7176 3 3 0
0.758611 12.9003 12.9003 3 3 0
0.731868 13.1055 13.1055 3 3 0
0.705168 13.337 13.337 3 3 0
0.678528 13.5992 13.5992 3 3 0
0.651964 13.8974 13.8974 3 3 0
0.62549 14.2378 14.2378 3 3 0
0.599115 14.6281 14.6281 3 3 0
0.572847 15.0775 15.0775 3 3 0
0.546689 15.5977 15.5977 3 3 0
0.520646 16.2032 16.2032 3 3 0
0.494721 16.9129 16.9129 3 3 0
0.468927 17.7521 17.7521 3 3 0
0.443293 18.7553 18.7553 3 3 0
0.417883 19.9721 19.9721 3 3 0
0.392821 21.4769 21.4769 3 3 0
0.368331 23.3867 23.3867 3 3 0
0.344775 25.8953 25.8953 3 3 0
0.322717 29.3449 29.3449 3 3 0
0.303003 34.3963 34.3963 3 3 0
0.286935 42.5282 42.5282 3 3 0
0.276795 58.02 58.02 3 3 0
0.275168 70.5673 70.5673 3 3 0
0.274995 84.8438 84.8438 3 3 0
0.274995 87.7682 87.7682 4 3 0
0.275011 97.5563 97.5563 4 3 0
0.275097 91.5629 91.5629 4 3 0
0.275163 87.4465 87.4465 4 3 0
0.275252 82.9244 82.9244 4 3 0
0.275381 77.8473 77.8473 4 3 0
0.275597 71.8654 71.8654 4 3 0
0.275931 65.973 65.973 4 3 0
0.276354 61.2209 61.2209 4 3 0
0.276622 59.0104 59.0104 4 3 0
0.276052 64.3906 64.3906 4 3 0
0.275923 66.0821 66.0821 4 3 0
0.275135 89.1097 89.1097 4 3 0
0.275037 95.9799 95.9799 4 3 0
0.275002 96.9939 96.9939 4 3 0
0.274995 89.9873 89.9873 4 3 0
0.274995 87.6806 87.6806 3 3 0
0.275595 64.7015 64.7015 3 3 0
0.283602 45.5324 45.5324 3 3 0
0.289142 40.9361 40.9361 3 3 0
0.295233 37.5206 37.5206 3 3 0
0.302072 34.7213 34.7213 3 3 0
0.309548 32.3865 32.3865 3 3 0
0.317565 30.412 30.412 3 3 0
0.326038 28.7221 28.7221 3 3 0
0.334896 27.2604 27.2604 3 3 0
0.344076 25.9842 25.9842 3 3 0
0.354488 24.7552 24.7552 3 3 0
0.366253 23.5761 23.5761 3 3 0
0.379494 22.4489 22.4489 3 3 0
0.394336 21.375 21.375 3 3 0
0.409391 20.4422 20.4422 3 3 0
0.426135 19.5481 19.5481 3 3 0
0.444718 18.6942 18.6942 3 3 0
0.465306 17.8825 17.8825 3 3 0
0.488086 17.1148 17.1148 3 3 0
0.513276 16.3931 16.3931 3 3 0
0.539295 15.7599 15.7599 3 3 0
0.565428 15.2171 15.2171 3 3 0
0.59167 14.7488 14.7488 3 3 0
0.618019 14.3428 14.3428 3 3 0
0.644469 13.9891 13.9891 3 3 0
0.67101 13.6796 13.6796 3 3 0
0.697631 13.4078 13.4078 3 3 0
0.724318 13.1681 13.1681 3 3 0
0.751051 12.9559 12.9559 3 3 0
0.777812 12.7671 12.7671 3 3 0
0.804576 12.5985 12.5985 3 3 0
0.831318 12.447 12.447 3 3 0
0.858009 12.3102 12.3102 3 3 0
0.884616 12.1857 12.1857 3 3 0
0.911102 12.0715 12.0715 3 3 0
0.937421 11.9656 11.9656 3 3 0
0.963518 11.8662 11.8662 3 3 0
0.98932 11.7716 11.7716 3 3 0
1.01472 11.6797 11.6797 3 3 0
1.03958 11.588 11.588 3 3 0
1.06362 11.4933 11.4933 3 3 0
1.08632 11.3896 11.3896 3 3 0
1.10626 11.2633 11.2633 3 3 0
1.11361 11.1801 11.1801 3 3 0
1.1159 11.1018 11.1018 3 3 0
1.10263 10.9109 10.9109 4 3 0
1.08413 10.8025 10.8025 4 3 0
1.07254 10.7495 10.7495 4 3 0
1.07138 10.7446 10.7446 3 3 0
1.08473 10.8055 10.8055 4 3 0
1.10737 10.9493 10.9493 4 3 0
1.11556 11.0718 11.0718 4 3 0
1.11585 11.1138 11.1138 3 3 0
1.10703 11.2566 11.2566 3 3 0
1.09201 11.3591 11.3591 3 3 0
1.07551 11.4416 11.4416 3 3 0
1.05803 11.5162 11.5162 3 3 0
1.03991 11.5868 11.5868 3 3 0
1.01946 11.6625 11.6625 3 3 0
0.996505 11.7456 11.7456 3 3 0
0.970846 11.8391 11.8391 3 3 0
0.944823 11.9369 11.9369 3 3 0
0.918559 12.0408 12.0408 3 3 0
0.892115 12.1525 12.1525 3 3 0
0.865538 12.2739 12.2739 3 3 0
0.838867 12.407 12.407 3 3 0
0.812137 12.5541 12.5541 3 3 0
0.785377 12.7175 12.7175 3 3 0
0.758613 12.9003 12.9003 3 3 0
0.731871 13.1055 13.1055 3 3 0
0.70517 13.337 13.337 3 3 0
0.67853 13.5992 13.5992 3 3 0
0.651967 13.8974 13.8974 3 3 0
0.625493 14.2378 14.2378 3 3 0
0.599118 14.628 14.628 3 3 0
0.572849 15.0775 15.0775 3 3 0
0.546692 15.5976 15.5976 3 3 0
0.520649 16.2031 16.2031 3 3 0
0.494724 16.9129 16.9129 3 3 0
0.468929 17.752 17.752 3 3 0
0.443295 18.7552 18.7552 3 3 0
0.417885 19.972 19.972 3 3 0
0.392824 21.4767 21.4767 3 3 0
0.368333 23.3865 23.3865 3 3 0
0.344777 25.895 25.895 3 3 0
0.322719 29.3445 29.3445 3 3 0
0.303005 34.3957 34.3957 3 3 0
0.286937 42.5272 42.5272 3 3 0
0.276796 58.0177 58.0177 3 3 0
0.275168 70.564 70.564 3 3 0
0.274995 84.8402 84.8402 3 3 0
0.274995 87.7675 87.7675 4 3 0
0.275011 97.5564 97.5564 4 3 0
0.275097 91.5639 91.5639 4 3 0
0.275163 87.4476 87.4476 4 3 0
0.275252 82.9257 82.9257 4 3 0
0.275381 77.8488 77.8488 4 3 0
0.275597 71.8669 71.8669 4 3 0
0.275931 65.9744 65.9744 4 3 0
0.276354 61.2219 61.2219 4 3 0
0.276622 59.0105 59.0105 4 3 0
0.276052 64.3893 64.3893 4 3 0
0.275923 66.081 66.081 4 3 0
0.275135 89.1089 89.1089 4 3 0
0.275037 95.9795 95.9795 4 3 0
0.275002 96.9942 96.9942 4 3 0
0.274995 89.9881 89.9881 4 3 0
0.274995 87.6806 87.6806 4 3 0
0.275595 64.7013 64.7013 3 3 0
0.283602 45.5323 45.5323 3 3 0
0.289142 40.936 40.936 3 3 0
0.295233 37.5205 37.5205 3 3 0
0.302072 34.7213 34.7213 3 3 0
0.309548 32.3865 32.3865 3 3 0
0.317565 30.412 30.412 3 3 0
0.326038 28.7221 28.7221 3 3 0
0.334896 27.2604 27.2604 3 3 0
0.344077 25.9842 25.9842 3 3 0
0.354489 24.7552 24.7552 3 3 0
0.366254 23.576 23.576 3 3 0
0.379494 22.4488 22.4488 3 3 0
0.394336 21.375 21.375 3 3 0
0.409391 20.4422 20.4422 3 3 0
0.426135 19.5481 19.5481 3 3 0
0.444718 18.6942 18.6942 3 3 0
0.465306 17.8825 17.8825 3 3 0
0.488087 17.1148 17.1148 3 3 0
0.513276 16.3931 16.3931 3 3 0
0.539295 15.7599 15.7599 3 3 0
0.565428 15.2171 15.2171 3 3 0
0.59167 14.7488 14.7488 3 3 0
0.618019 14.3428 14.3428 3 3 0
0.644469 13.9891 13.9891 3 3 0
0.67101 13.6796 13.6796 3 3 0
0.697632 13.4078 13.4078 3 3 0
0.724318 13.1681 13.1681 3 3 0
0.751051 12.9559 12.9559 3 3 0
0.777812 12.7671 12.7671 3 3 0
0.804576 12.5985 12.5985 3 3 0
0.831318 12.447 12.447 3 3 0
0.858009 12.3102 12.3102 3 3 0
0.884616 12.1857 12.1857 3 3 0
0.911102 12.0715 12.0715 3 3 0
0.937421 11.9656 11.9656 3 3 0
0.963518 11.8662 11.8662 3 3 0
0.98932 11.7716 11.7716 3 3 0
1.01472 11.6797 11.6797 3 3 0
1.03958 11.588 11.588 3 3 0
1.06362 11.4933 11.4933 3 3 0
1.08632 11.3896 11.3896 3 3 0
1.10626 11.2633 11.2633 3 3 0
1.11361 11.1801 11.1801 3 3 0
1.1159 11.1018 11.1018 3 3 0
1.10263 10.9109 10.9109 4 3 0
1.08413 10.8025 10.8025 4 3 0
1.07254 10.7495 10.7495 4 3 0
1.07138 10.7446 10.7446 3 3 0
1.0847 10.8053 10.8053 4 3 0
1.10734 10.9491 10.9491 4 3 0
1.11555 11.0714 11.0714 4 3 0
1.11585 11.1134 11.1134 3 3 0
1.10705 11.2564 11.2564 3 3 0
1.09204 11.3589 11.3589 3 3 0
1.07554 11.4415 11.4415 3 3 0
1.05806 11.5161 11.5161 3 3 0
1.03994 11.5867 11.5867 3 3 0
1.01949 11.6623 11.6623 3 3 0
0.996535 11.7455 11.7455 3 3 0
0.970877 11.839 11.839 3 3 0
0.944854 11.9368 11.9368 3 3 0
0.918591 12.0406 12.0406 3 3 0
0.892147 12.1523 12.1523 3 3 0
0.86557 12.2737 12.2737 3 3 0
0.838899 12.4068 12.4068 3 3 0
0.812169 12.5539 12.5539 3 3 0
0.785409 12.7173 12.7173 3 3 0
0.758645 12.9 12.9 3 3 0
0.731903 13.1052 13.1052 3 3 0
0.705202 13.3367 13.3367 3 3 0
0.678562 13.5989 13.5989 3 3 0
0.651999 13.897 13.897 3 3 0
0.625524 14.2374 14.2374 3 3 0
0.599149 14.6275 14.6275 3 3 0
0.572881 15.0769 15.0769 3 3 0
0.546723 15.5969 15.5969 3 3 0
0.52068 16.2023 16.2023 3 3 0
0.494755 16.9119 16.9119 3 3 0
0.46896 17.7509 17.7509 3 3 0
0.443326 18.7539 18.7539 3 3 0
0.417915 19.9704 19.9704 3 3 0
0.392854 21.4747 21.4747 3 3 0
0.368362 23.3839 23.3839 3 3 0
0.344804 25.8915 25.8915 3 3 0
0.322744 29.3396 29.3396 3 3 0
0.303027 34.3883 34.3883 3 3 0
0.286953 42.5144 42.5144 3 3 0
0.276803 57.9905 57.9905 3 3 0
0.27517 70.5246 70.5246 3 3 0
0.274996 84.7983 84.7983 3 3 0
0.274995 87.7588 87.7588 4 3 0
0.275011 97.5569 97.5569 4 3 0
0.275097 91.5748 91.5748 4 3 0
0.275163 87.4609 87.4609 4 3 0
0.275251 82.941 82.941 4 3 0
0.27538 77.8655 77.8655 4 3 0
0.275596 71.8843 71.8843 4 3 0
0.275929 65.9903 65.9903 4 3 0
0.276353 61.2325 61.2325 4 3 0
0.276622 59.0122 59.0122 4 3 0
0.276054 64.3749 64.3749 4 3 0
0.275924 66.0686 66.0686 4 3 0
0.275135 89.1009 89.1009 4 3 0
0.275037 95.9754 95.9754 4 3 0
0.275002 96.9976 96.9976 4 3 0
0.274995 89.9977 89.9977 4 3 0
0.274995 87.6806 87.6806 3 3 0
0.275595 64.7015 64.7015 3 3 0
0.283602 45.5324 45.5324 3 3 0
0.289142 40.9361 40.9361 3 3 0
0.295233 37.5206 37.5206 3 3 0
0.302072 34.7213 34.7213 3 3 0
0.309548 32.3865 32.3865 3 3 0
0.317565 30.412 30.412 3 3 0
0.326038 28.7221 28.7221 3 3 0
0.334896 27.2604 27.2604 3 3 0
0.344076 25.9842 25.9842 3 3 0
0.354488 24.7552 24.7552 3 3 0
0.366253 23.5761 23.5761 3 3 0
0.379494 22.4489 22.4489 3 3 0
0.394336 21.375 21.375 3 3 0
0.409391 20.4422 20.4422 3 3 0
0.426135 19.5481 19.5481 3 3 0
0.444718 18.6942 18.6942 3 3 0
0.465306 17.8825 17.8825 3 3 0
0.488086 17.1148 17.1148 3 3 0
0.513276 16.3931 16.3931 3 3 0
0.539295 15.7599 15.7599 3 3 0
0.565428 15.2171 15.2171 3 3 0
0.59167 14.7488 14.7488 3 3 0
0.618019 14.3428 14.3428 3 3 0
0.644469 13.9891 13.9891 3 3 0
0.67101 13.6796 13.6796 3 3 0
0.697631 13.4078 13.4078 3 3 0
0.724318 13.1681 13.1681 3 3 0
0.751051 12.9559 12.9559 3 3 0
0.777812 12.7671 12.7671 3 3 0
0.804576 12.5985 12.5985 3 3 0
0.831318 12.447 12.447 3 3 0
0.858009 12.3102 12.3102 3 3 0
0.884616 12.1857 12.1857 3 3 0
0.911102 12.0715 12.0715 3 3 0
0.937421 11.9656 11.9656 3 3 0
0.963518 11.8662 11.8662 3 3 0
0.98932 11.7716 11.7716 3 3 0
1.01472 11.6797 11.6797 3 3 0
1.03958 11.588 11.588 3 3 0
1.06362 11.4933 11.4933 3 3 0
1.08632 11.3896 11.3896 3 3 0
1.10626 11.2633 11.2633 3 3 0
1.11361 11.1801 11.1801 3 3 0
1.1159 11.1018 11.1018 3 3 0
1.10263 10.9109 10.9109 4 3 0
1.08413 10.8025 10.8025 4 3 0
1.07254 10.7495 10.7495 4 3 0
1.07138 10.7446 10.7446 4 3 0
1.08473 10.8055 10.8055 4 3 0
1.10737 10.9494 10.9494 4 3 0
1.11556 11.0718 11.0718 4 3 0
1.11585 11.1138 11.1138 3 3 0
1.10703 11.2566 11.2566 3 3 0
1.09201 11.3591 11.3591 3 3 0
1.07551 11.4416 11.4416 3 3 0
1.05803 11.5162 11.5162 3 3 0
1.03991 11.5868 11.5868 3 3 0
1.01946 11.6625 11.6625 3 3 0
0.996504 11.7456 11.7456 3 3 0
0.970845 11.8391 11.8391 3 3 0
0.944822 11.9369 11.9369 3 3 0
0.918558 12.0408 12.0408 3 3 0
0.892114 12.1525 12.1525 3 3 0
0.865537 12.2739 12.2739 3 3 0
0.838866 12.407 12.407 3 3 0
0.812136 12.5541 12.5541 3 3 0
0.785376 12.7176 12.7176 3 3 0
0.758613 12.9003 12.9003 3 3 0
0.73187 13.1055 13.1055 3 3 0
0.705169 13.337 13.337 3 3 0
0.678529 13.5992 13.5992 3 3 0
0.651966 13.8974 13.8974 3 3 0
0.625492 14.2378 14.2378 3 3 0
0.599117 14.6281 14.6281 3 3 0
0.572849 15.0775 15.0775 3 3 0
0.546691 15.5976 15.5976 3 3 0
0.520648 16.2031 16.2031 3 3 0
0.494723 16.9129 16.9129 3 3 0
0.468929 17.752 17.752 3 3 0
0.443294 18.7552 18.7552 3 3 0
0.417884 19.972 19.972 3 3 0
0.392823 21.4768 21.4768 3 3 0
0.368332 23.3865 23.3865 3 3 0
0.344776 25.8951 25.8951 3 3 0
0.322718 29.3446 29.3446 3 3 0
0.303004 34.3959 34.3959 3 3 0
0.286936 42.5275 42.5275 3 3 0
0.276795 58.0184 58.0184 3 3 0
0.275168 70.5651 70.5651 3 3 0
0.274995 84.8414 84.8414 3 3 0
0.274995 87.7677 87.7677 4 3 0
0.275011 97.5564 97.5564 4 3 0
0.275097 91.5636 91.5636 4 3 0
0.275163 87.4473 87.4473 4 3 0
0.275252 82.9253 82.9253 4 3 0
0.275381 77.8483 77.8483 4 3 0
0.275597 71.8664 71.8664 4 3 0
0.275931 65.9739 65.9739 4 3 0
0.276354 61.2216 61.2216 4 3 0
0.276622 59.0104 59.0104 4 3 0
0.276052 64.3897 64.3897 4 3 0
0.275923 66.0814 66.0814 4 3 0
0.275135 89.1092 89.1092 4 3 0
0.275037 95.9796 95.9796 4 3 0
0.275002 96.9941 96.9941 4 3 0
0.274995 89.9879 89.9879 4 3 0
0.274995 87.6806 87.6806 3 3 0
0.275595 64.7015 64.7015 3 3 0
0.283602 45.5324 45.5324 3 3 0
0.289142 40.9361 40.9361 3 3 0
0.295233 37.5206 37.5206 3 3 0
0.302072 34.7213 34.7213 3 3 0
0.309548 32.3865 32.3865 3 3 0
0.317565 30.412 30.412 3 3 0
0.326038 28.7221 28.7221 3 3 0
0.334896 27.2604 27.2604 3 3 0
0.344076 25.9842 25.9842 3 3 0
0.354488 24.7552 24.7552 3 3 0
0.366253 23.5761 23.5761 3 3 0
0.379494 22.4489 22.4489 3 3 0
0.394336 21.375 21.375 3 3 0
0.409391 20.4422 20.4422 3 3 0
0.426135 19.5481 19.5481 3 3 0
0.444718 18.6942 18.6942 3 3 0
0.465306 17.8825 17.8825 3 3 0
0.488086 17.1148 17.1148 3 3 0
0.513276 16.3931 16.3931 3 3 0
0.539295 15.7599 15.7599 3 3 0
0.565428 15.2171 15.2171 3 3 0
0.59167 14.7488 14.7488 3 3 0
0.618019 14.3428 14.3428 3 3 0
0.644469 13.9891 13.9891 3 3 0
0.67101 13.6796 13.6796 3 3 0
0.697631 13.4078 13.4078 3 3 0
0.724318 13.1681 13.1681 3 3 0
0.751051 12.9559 12.9559 3 3 0
0.777812 12.7671 12.7671 3 3 0
0.804576 12.5985 12.5985 3 3 0
0.831318 12.447 12.447 3 3 0
0.858009 12.3102 12.3102 3 3 0
0.884616 12.1857 12.1857 3 3 0
0.911102 12.0715 12.0715 3 3 0
0.937421 11.9656 11.9656 3 3 0
0.963518 11.8662 11.8662 3 3 0
0.98932 11.7716 11.7716 3 3 0
1.01472 11.6797 11.6797 3 3 0
1.03958 11.588 11.588 3 3 0
1.06362 11.4933 11.4933 3 3 0
1.08632 11.3896 11.3896 3 3 0
1.10626 11.2633 11.2633 3 3 0
1.11361 11.1801 11.1801 3 3 0
1.1159 11.1018 11.1018 3 3 0
1.10263 10.9109 10.9109 4 3 0
1.08413 10.8025 10.8025 4 3 0
1.07254 10.7495 10.7495 4 3 0
1.07138 10.7446 10.7446 3 3 0
1.08625 10.8131 10.8131 4 3 0
1.1088 10.9629 10.9629 4 3 0
1.25273 10.2924 10.2924 4 3 0
