0 0 0 2 1 0
0.00305465 0 0 1 1 0
0.00534554 0 0 1 1 0
0.00878127 0 0 1 1 0
0.0125587 0 0 1 1 0
0.0167098 0 0 1 1 0
0.021268 0 0 1 1 0
0.0262681 0 0 1 1 0
0.0317451 0 0 1 1 0
0.0377337 0 0 1 1 0
0.0442668 0 0 1 1 0
0.0513733 0 0 1 1 0
0.059076 0 0 1 1 0
0.0673881 0 0 1 1 0
0.076309 0 0 1 1 0
0.0858191 0 0 1 1 0
0.0958751 0 0 1 1 0
0.106406 0 0 1 1 0
0.117316 0 0 1 1 0
0.127511 0 0 1 1 0
0.137017 0 0 1 1 0
0.14589 0 0 1 1 0
0.15421 74.2002 74.2002 1 1 0
0.162838 46.8743 46.8743 1 1 0
0.17185 35.4456 35.4456 1 1 0
0.181386 28.5218 28.5218 1 1 0
0.191657 23.7707 23.7707 1 1 0
0.202956 20.4654 20.4654 1 1 0
0.215649 18.2872 18.2872 1 1 0
0.216258 18.2113 18.2113 2 1 0
0.230803 16.8767 16.8767 2 1 0
0.247639 15.966 15.966 2 1 0
0.267208 15.1974 15.1974 2 1 0
0.287787 14.5182 14.5182 2 1 0
0.309223 13.913 13.913 2 1 0
0.331349 13.3908 13.3908 2 1 0
0.354013 12.9514 12.9514 2 1 0
0.377092 12.5863 12.5863 2 1 0
0.402846 12.2564 12.2564 2 1 0
0.429559 11.9808 11.9808 2 1 0
0.4565 11.755 11.755 2 1 0
0.483616 11.5682 11.5682 2 1 0
0.510865 11.4119 11.4119 2 1 0
0.538217 11.2799 11.2799 2 1 0
0.565651 11.1673 11.1673 2 1 0
0.593149 11.0704 11.0704 2 1 0
0.6207 10.9863 10.9863 2 1 0
0.648292 10.9128 10.9128 2 1 0
0.675919 10.848 10.848 2 1 0
0.703574 10.7906 10.7906 2 1 0
0.731253 10.7394 10.7394 2 1 0
0.758951 10.6935 10.6935 2 1 0
0.786666 10.6521 10.6521 2 1 0
0.814396 10.6147 10.6147 2 1 0
0.842138 10.5807 10.5807 2 1 0
0.86989 10.5497 10.5497 2 1 0
0.886593 10.5323 10.5323 1 1 0
0.914359 10.5053 10.5053 1 1 0
0.942132 10.4805 10.4805 1 1 0
0.969912 10.4575 10.4575 1 1 0
0.997697 10.4363 10.4363 1 1 0
1.02549 10.4166 10.4166 1 1 0
1.05328 10.3982 10.3982 1 1 0
1.08108 10.3811 10.3811 1 1 0
1.10888 10.3651 10.3651 1 1 0
1.13669 10.3502 10.3502 1 1 0
1.16449 10.3361 10.3361 1 1 0
1.1923 10.3229 10.3229 1 1 0
1.22012 10.3104 10.3104 1 1 0
1.24793 10.2987 10.2987 1 1 0
1.27575 10.2876 10.2876 1 1 0
1.30357 10.2771 10.2771 1 1 0
1.33139 10.2671 10.2671 1 1 0
1.35921 10.2577 10.2577 1 1 0
1.38703 10.2487 10.2487 1 1 0
1.41485 10.2402 10.2402 1 1 0
1.44268 10.2321 10.2321 1 1 0
1.4705 10.2243 10.2243 1 1 0
1.49833 10.2169 10.2169 1 1 0
1.52616 10.2099 10.2099 1 1 0
1.55399 10.2031 10.2031 1 1 0
1.58182 10.1966 10.1966 1 1 0
1.60965 10.1904 10.1904 1 1 0
1.63748 10.1845 10.1845 1 1 0
1.66531 10.1788 10.1788 1 1 0
1.69314 10.1733 10.1733 1 1 0
1.72097 10.1681 10.1681 1 1 0
1.74881 10.163 10.163 1 1 0
1.77664 10.1581 10.1581 1 1 0
1.80447 10.1534 10.1534 1 1 0
1.83231 10.1489 10.1489 1 1 0
1.86014 10.1446 10.1446 1 1 0
1.88798 10.1403 10.1403 1 1 0
1.91581 10.1363 10.1363 1 1 0
1.94365 10.1323 10.1323 1 1 0
1.97149 10.1285 10.1285 1 1 0
1.99932 10.1249 10.1249 1 1 0
2.02716 10.1213 10.1213 1 1 0
2.055 10.1179 10.1179 1 1 0
2.08283 10.1145 10.1145 1 1 0
2.11067 10.1113 10.1113 1 1 0
2.13851 10.1082 10.1082 1 1 0
2.16635 10.1051 10.1051 1 1 0
2.19418 10.1022 10.1022 1 1 0
2.22202 10.0993 10.0993 1 1 0
2.24986 10.0965 10.0965 1 1 0
2.2777 10.0938 10.0938 1 1 0
2.30554 10.0912 10.0912 1 1 0
2.33338 10.0886 10.0886 1 1 0
2.36122 10.0861 10.0861 1 1 0
2.38906 10.0837 10.0837 1 1 0
2.41689 10.0813 10.0813 1 1 0
2.44473 10.079 10.079 1 1 0
2.47257 10.0768 10.0768 1 1 0
2.50041 10.0746 10.0746 1 1 0
2.52825 10.0725 10.0725 1 1 0
2.55609 10.0704 10.0704 1 1 0
2.58393 10.0684 10.0684 1 1 0
2.61177 10.0664 10.0664 1 1 0
2.63961 10.0645 10.0645 1 1 0
2.66746 10.0626 10.0626 1 1 0
2.6953 10.0608 10.0608 1 1 0
2.72314 10.059 10.059 1 1 0
2.75098 10.0572 10.0572 1 1 0
2.77882 10.0555 10.0555 1 1 0
2.80666 10.0538 10.0538 1 1 0
2.8345 10.0522 10.0522 1 1 0
2.86234 10.0506 10.0506 1 1 0
2.89018 10.049 10.049 1 1 0
2.91802 10.0475 10.0475 1 1 0
2.94587 10.046 10.046 1 1 0
2.97371 10.0445 10.0445 1 1 0
3.00155 10.0431 10.0431 1 1 0
0.886593 10.5323 10.5323 4 3 0
0.886606 10.5324 10.5324 4 3 0
0.886673 10.533 10.533 4 3 0
0.886813 10.5341 10.5341 4 3 0
0.887043 10.5361 10.5361 4 3 0
0.887383 10.5391 10.5391 4 3 0
0.887853 10.5433 10.5433 4 3 0
0.888472 10.5491 10.5491 4 3 0
0.88925 10.5568 10.5568 4 3 0
0.890189 10.5668 10.5668 4 3 0
0.891264 10.5799 10.5799 4 3 0
0.892406 10.5969 10.5969 4 3 0
0.893451 10.6188 10.6188 4 3 0
0.89403 10.6473 10.6473 4 3 0
0.894038 10.651 10.651 4 3 0
0.890698 10.7245 10.7245 3 3 0
0.880991 10.7926 10.7926 3 3 0
0.870867 10.8371 10.8371 3 3 0
0.860455 10.873 10.873 3 3 0
0.84982 10.9041 10.9041 3 3 0
0.839039 10.9321 10.9321 3 3 0
0.827062 10.9605 10.9605 3 3 0
0.813785 10.9897 10.9897 3 3 0
0.79909 11.0203 11.0203 3 3 0
0.782842 11.0527 11.0527 3 3 0
0.764893 11.0878 11.0878 3 3 0
0.745077 11.1265 11.1265 3 3 0
0.723211 11.17 11.17 3 3 0
0.699093 11.2201 11.2201 3 3 0
0.672502 11.2794 11.2794 3 3 0
0.645233 11.346 11.346 3 3 0
0.617928 11.4207 11.4207 3 3 0
0.590603 11.5055 11.5055 3 3 0
0.563271 11.6032 11.6032 3 3 0
0.535948 11.7168 11.7168 3 3 0
0.508651 11.8505 11.8505 3 3 0
0.481402 12.0093 12.0093 3 3 0
0.454226 12.2001 12.2001 3 3 0
0.427158 12.4318 12.4318 3 3 0
0.400241 12.7162 12.7162 3 3 0
0.373537 13.0699 13.0699 3 3 0
0.347129 13.5159 13.5159 3 3 0
0.321134 14.0874 14.0874 3 3 0
0.295729 14.8334 14.8334 3 3 0
0.271196 15.8252 15.8252 3 3 0
0.248072 17.1512 17.1512 3 3 0
0.227874 18.702 18.702 3 3 0
0.220818 19.0462 19.0462 3 3 0
0.217178 18.6255 18.6255 3 3 0
0.21645 18.3235 18.3235 3 3 0
0.213514 18.2221 18.2221 4 3 0
0.213514 18.2221 18.2221 4 3 0
