0 0 0 2 1 0
0.00397567 0 0 1 1 0
0.00795135 0 0 1 1 0
0.0139149 0 0 1 1 0
0.0228601 0 0 1 1 0
0.036278 0 0 1 1 0
0.0564047 0 0 1 1 0
0.086594 0 0 1 1 0
0.131875 0 0 1 1 0
0.181559 0 0 1 1 0
0.231229 0 0 1 1 0
0.280878 0 0 1 1 0
0.330499 0 0 1 1 0
0.38008 0 0 1 1 0
0.429605 0 0 1 1 0
0.47905 0 0 1 1 0
0.528378 0 0 1 1 0
0.577523 0 0 1 1 0
0.626357 0 0 1 1 0
0.674569 0 0 1 1 0
0.721127 99.3748 99.3748 1 1 0
0.758207 95.1969 95.1969 1 1 0
0.75989 95.1969 95.1969 2 1 0
0.751991 95.1969 95.1969 2 1 0
0.736535 95.1969 95.1969 2 1 0
0.718726 95.1969 95.1969 2 1 0
0.70006 95.1969 95.1969 2 1 0
0.681167 95.1969 95.1969 2 1 0
0.660569 95.1969 95.1969 2 1 0
0.638614 95.1969 95.1969 2 1 0
0.615988 95.1969 95.1969 2 1 0
0.595901 95.1969 95.1969 2 1 0
0.579583 95.1969 95.1969 2 1 0
0.568332 95.1969 95.1969 2 1 0
0.56297 95.1969 95.1969 2 1 0
0.56247 95.1969 95.1969 2 1 0
0.565011 95.1969 95.1969 2 1 0
0.571858 95.1969 95.1969 2 1 0
0.581915 95.1969 95.1969 2 1 0
0.594316 95.1969 95.1969 2 1 0
0.608436 95.1969 95.1969 2 1 0
0.623837 95.1969 95.1969 2 1 0
0.640211 46.8111 46.8111 2 1 0
0.659085 30.4535 30.4535 2 1 0
0.680651 24.3683 24.3683 2 1 0
0.70512 20.9907 20.9907 2 1 0
0.732728 18.7917 18.7917 2 1 0
0.761639 17.3163 17.3163 2 1 0
0.791004 16.2735 16.2735 2 1 0
0.820726 15.494 15.494 2 1 0
0.850735 14.8877 14.8877 2 1 0
0.880978 14.4019 14.4019 2 1 0
0.911414 14.0035 14.0035 2 1 0
0.94201 13.6705 13.6705 2 1 0
0.972741 13.388 13.388 2 1 0
1.00359 13.1451 13.1451 2 1 0
1.03453 12.934 12.934 2 1 0
1.06556 12.7489 12.7489 2 1 0
1.09667 12.5851 12.5851 2 1 0
1.12784 12.4392 12.4392 2 1 0
1.15906 12.3083 12.3083 2 1 0
1.19034 12.1903 12.1903 2 1 0
1.22166 12.0834 12.0834 2 1 0
1.25302 11.986 11.986 2 1 0
1.28442 11.8969 11.8969 2 1 0
1.31585 11.8151 11.8151 2 1 0
1.34731 11.7398 11.7398 2 1 0
1.37879 11.6701 11.6701 2 1 0
1.4103 11.6056 11.6056 2 1 0
1.44183 11.5456 11.5456 2 1 0
1.47339 11.4896 11.4896 2 1 0
1.50495 11.4374 11.4374 2 1 0
1.53654 11.3885 11.3885 2 1 0
1.56814 11.3425 11.3425 2 1 0
1.59976 11.2994 11.2994 2 1 0
1.63139 11.2587 11.2587 2 1 0
1.66303 11.2204 11.2204 2 1 0
1.69468 11.1841 11.1841 2 1 0
1.72634 11.1498 11.1498 2 1 0
1.73814 11.1375 11.1375 2 1 0
1.76981 11.1056 11.1056 1 1 0
1.8015 11.0753 11.0753 1 1 0
1.83319 11.0465 11.0465 1 1 0
1.8649 11.0191 11.0191 1 1 0
1.8966 10.993 10.993 1 1 0
1.92832 10.968 10.968 1 1 0
1.96004 10.9442 10.9442 1 1 0
1.99177 10.9214 10.9214 1 1 0
2.02351 10.8996 10.8996 1 1 0
2.05524 10.8787 10.8787 1 1 0
2.08699 10.8587 10.8587 1 1 0
2.11874 10.8394 10.8394 1 1 0
2.15049 10.821 10.821 1 1 0
2.18225 10.8032 10.8032 1 1 0
2.21401 10.7861 10.7861 1 1 0
2.24578 10.7697 10.7697 1 1 0
2.27755 10.7538 10.7538 1 1 0
2.30933 10.7386 10.7386 1 1 0
2.3411 10.7238 10.7238 1 1 0
2.37288 10.7096 10.7096 1 1 0
2.40467 10.6958 10.6958 1 1 0
2.43645 10.6826 10.6826 1 1 0
2.46824 10.6697 10.6697 1 1 0
2.50003 10.6573 10.6573 1 1 0
2.53183 10.6453 10.6453 1 1 0
2.56363 10.6336 10.6336 1 1 0
2.59543 10.6223 10.6223 1 1 0
2.62723 10.6114 10.6114 1 1 0
2.65903 10.6008 10.6008 1 1 0
2.69084 10.5905 10.5905 1 1 0
2.72264 10.5805 10.5805 1 1 0
2.75445 10.5707 10.5707 1 1 0
2.78626 10.5613 10.5613 1 1 0
2.81808 10.5521 10.5521 1 1 0
2.84989 10.5432 10.5432 1 1 0
2.88171 10.5345 10.5345 1 1 0
2.91353 10.5261 10.5261 1 1 0
2.94535 10.5178 10.5178 1 1 0
2.97717 10.5098 10.5098 1 1 0
3.00899 10.502 10.502 1 1 0
1.73814 11.1375 11.1375 4 4 0
1.73815 11.1375 11.1375 4 4 0
1.73823 11.1377 11.1377 4 4 0
1.73846 11.1381 11.1381 4 4 0
1.73908 11.1392 11.1392 4 4 0
1.74012 11.141 11.141 4 4 0
1.74167 11.1437 11.1437 4 4 0
1.74384 11.1475 11.1475 4 4 0
1.74672 11.1527 11.1527 4 4 0
1.75042 11.1592 11.1592 4 4 0
1.75503 11.1675 11.1675 4 4 0
1.76065 11.1776 11.1776 4 4 0
1.76738 11.1898 11.1898 4 4 0
1.7753 11.2044 11.2044 4 4 0
1.78452 11.2215 11.2215 4 4 0
1.79513 11.2416 11.2416 4 4 0
1.80727 11.2649 11.2649 4 4 0
1.82103 11.2921 11.2921 4 4 0
1.83655 11.3236 11.3236 4 4 0
1.85396 11.3603 11.3603 4 4 0
1.8734 11.4032 11.4032 4 4 0
1.89495 11.4537 11.4537 4 4 0
1.91867 11.5138 11.5138 4 4 0
1.94443 11.5868 11.5868 4 4 0
1.97166 11.6776 11.6776 4 4 0
1.99857 11.7947 11.7947 4 4 0
2.01848 11.934 11.934 4 4 0
2.02591 12.0873 12.0873 4 4 0
2.02591 12.0957 12.0957 3 4 0
2.02068 12.2335 12.2335 3 4 0
2.00791 12.3645 12.3645 3 4 0
1.99079 12.4877 12.4877 3 4 0
1.97096 12.6073 12.6073 3 4 0
1.94931 12.7261 12.7261 3 4 0
1.9264 12.8463 12.8463 3 4 0
1.90259 12.9694 12.9694 3 4 0
1.87812 13.0967 13.0967 3 4 0
1.85317 13.2296 13.2296 3 4 0
1.82787 13.3689 13.3689 3 4 0
1.80232 13.5158 13.5158 3 4 0
1.7766 13.6712 13.6712 3 4 0
1.75075 13.8361 13.8361 3 4 0
1.72483 14.0115 14.0115 3 4 0
1.69888 14.1983 14.1983 3 4 0
1.6729 14.3976 14.3976 3 4 0
1.64693 14.6104 14.6104 3 4 0
1.62096 14.8376 14.8376 3 4 0
1.595 15.0804 15.0804 3 4 0
1.56905 15.3398 15.3398 3 4 0
1.54309 15.617 15.617 3 4 0
1.51711 15.913 15.913 3 4 0
1.49108 16.229 16.229 3 4 0
1.46499 16.5661 16.5661 3 4 0
1.4388 16.9256 16.9256 3 4 0
1.41248 17.3086 17.3086 3 4 0
1.38599 17.7163 17.7163 3 4 0
1.35931 18.1502 18.1502 3 4 0
1.3324 18.6118 18.6118 3 4 0
1.30524 19.1026 19.1026 3 4 0
1.2778 19.6247 19.6247 3 4 0
1.25007 20.1806 20.1806 3 4 0
1.22206 20.7734 20.7734 3 4 0
1.19378 21.4071 21.4071 3 4 0
1.16525 22.0868 22.0868 3 4 0
1.13653 22.8192 22.8192 3 4 0
1.10766 23.6128 23.6128 3 4 0
1.07872 24.4786 24.4786 3 4 0
1.04981 25.4305 25.4305 3 4 0
1.02104 26.4863 26.4863 3 4 0
0.992538 27.6688 27.6688 3 4 0
0.964455 29.0069 29.0069 3 4 0
0.936971 30.5383 30.5383 3 4 0
0.910296 32.312 32.312 3 4 0
0.884678 34.3925 34.3925 3 4 0
0.860413 36.8662 36.8662 3 4 0
0.837853 39.85 39.85 3 4 0
0.817405 43.5046 43.5046 3 4 0
0.799527 48.0529 48.0529 3 4 0
0.784687 53.8071 53.8071 3 4 0
0.773269 61.2057 61.2057 3 4 0
0.765417 70.8712 70.8712 3 4 0
0.762832 76.6273 76.6273 3 4 0
0.760998 83.0748 83.0748 3 4 0
0.759753 90.4571 90.4571 3 4 0
0.75898 98.9482 98.9482 3 4 0
0.758555 108.765 108.765 3 4 0
0.758359 120.186 120.186 3 4 0
0.758288 133.572 133.572 3 4 0
0.75827 149.404 149.404 3 4 0
0.758267 168.331 168.331 3 4 0
0.758267 191.244 191.244 3 4 0
0.758267 219.394 219.394 3 4 0
0.758267 239.591 239.591 3 4 0
0.758267 267.386 267.386 3 4 0
0.758267 301.385 301.385 3 4 0
0.758267 342.603 342.603 3 4 0
0.758267 393.283 393.283 3 4 0
0.758267 404.536 404.536 3 4 0
0.758267 467.672 467.672 4 4 0
0.758267 505.637 505.637 4 4 0
0.758267 547.61 547.61 4 4 0
0.758267 595.102 595.102 4 4 0
0.758267 649.16 649.16 4 4 0
0.758267 711.076 711.076 4 4 0
0.758267 782.485 782.485 4 4 0
0.758267 865.475 865.475 4 4 0
0.758267 962.759 962.759 4 4 0
0.758267 1077.92 1077.92 4 4 0
0.758267 1215.76 1215.76 4 4 0
0.758267 1382.89 1382.89 4 4 0
0.758267 1588.61 1588.61 4 4 0
0.758267 1624.66 1624.66 4 4 0
0.758267 1878.81 1878.81 4 4 0
0.758267 2031.71 2031.71 4 4 0
0.758267 2200.78 2200.78 4 4 0
0.758267 2392.15 2392.15 4 4 0
0.758267 2610.04 2610.04 4 4 0
0.758267 2859.71 2859.71 4 4 0
0.758267 3147.78 3147.78 4 4 0
0.758267 3482.72 3482.72 4 4 0
0.758267 3875.56 3875.56 4 4 0
0.758267 4340.85 4340.85 4 4 0
0.758267 4898.19 4898.19 4 4 0
0.758267 5574.49 5574.49 4 4 0
0.758267 6407.74 6407.74 4 4 0
0.758267 6523.56 6523.56 4 4 0
0.758267 7546.36 7546.36 4 4 0
0.758267 8161.93 8161.93 4 4 0
0.758267 8842.76 8842.76 4 4 0
0.758267 9613.58 9613.58 4 4 0
0.758267 10491.6 10491.6 4 4 0
0.758267 11497.9 11497.9 4 4 0
0.758267 12659.5 12659.5 4 4 0
0.758267 14010.8 14010.8 4 4 0
0.758267 15596.4 15596.4 4 4 0
0.758267 17475.6 17475.6 4 4 0
0.758267 19728 19728 4 4 0
0.758267 22463.3 22463.3 4 4 0
0.758267 25836.4 25836.4 4 4 0
0.758267 26198.1 26198.1 4 4 0
0.758267 26255.3 26255.3 4 4 0
0.758267 30778.6 30778.6 4 4 0
0.758267 33926.6 33926.6 4 4 0
0.758267 37510.4 37510.4 4 4 0
0.758267 41706 41706 4 4 0
0.758267 46668.2 46668.2 4 4 0
0.758267 52601.9 52601.9 4 4 0
0.758267 59788.3 59788.3 4 4 0
0.758267 68622.1 68622.1 4 4 0
0.758267 70670.4 70670.4 4 4 0
0.758267 78628.6 78628.6 4 4 0
0.758267 88303.7 88303.7 4 4 0
0.758267 99957.2 99957.2 4 4 0
0.758267 114178 114178 4 4 0
0.758267 124529 124529 4 4 0
0.758267 124792 124792 4 4 0
0.758267 146028 146028 4 4 0
0.758267 146028 146028 4 4 0
