0,1,100,0,0
0.04004004004004,1.2218387215476,99.9915645073818,0.00434613771246538,4.25949887426854e-07
0.0800800800800801,1.49268597568672,99.9821521370891,0.00948043319102778,1.79395533933773e-06
0.12012012012012,1.82357121578398,99.9715438312285,0.0155864619209542,4.2816460926706e-06
0.16016016016016,2.22783281669339,99.9594751141624,0.022885814682688,8.10400860215295e-06
0.2002002002002,2.72176746617228,99.9456234225157,0.0316485668633959,1.35245587747788e-05
0.24024024024024,3.32522862359669,99.9295966306464,0.0422029500906088,2.0864652484545e-05
0.28028028028028,4.06247856577415,99.9109168309321,0.0549490048546145,3.05168236350115e-05
0.32032032032032,4.96317186620626,99.8890018290676,0.0703741875829883,4.29600023082132e-05
0.36036036036036,6.06365174517303,99.8631411090654,0.0890737114766639,5.87791938353467e-05
0.4004004004004,7.40807568056813,99.8324753750356,0.111767939144108,7.86821387089673e-05
0.44044044044044,9.05157078172143,99.7959400046392,0.139350621447804,0.000103545132729685
0.48048048048048,11.0600663718602,99.7522685551942,0.172886011773849,0.000134410043943226
0.520520520520521,13.5156915609274,99.6999005895198,0.213688401491073,0.00017255794454676
0.560560560560561,16.5142374819193,99.6370245253681,0.263285044270963,0.000219475000753139
0.600600600600601,20.1822746311921,99.5613044411569,0.323655432607375,0.00027706803969429
0.640640640640641,24.6596495074334,99.4701634100922,0.396983992130579,0.000347440032610445
0.680680680680681,30.1356736277266,99.3602370035768,0.486145421193922,0.000433313601327412
0.720720720720721,36.8215489452211,99.2278007764587,0.594327422655314,0.000537697285618901
0.760760760760761,44.9959270160545,99.0681553615257,0.725592962989287,0.000664344529865572
0.800800800800801,54.9801782449208,98.8760105628031,0.884540855970806,0.000817454986078873
0.840840840840841,67.1812187556457,98.6449889606537,1.07677930454991,0.0010020244324523
0.880880880880881,82.0960103588059,98.3678225447962,1.30880204986121,0.00122364850160458
0.920920920920921,100.313918024018,98.036216951533,1.58809039457378,0.00148864275173234
0.960960960960961,122.588123440845,97.6407574196173,1.92339423956384,0.00180390039380028
1.001001001001,149.782980677173,97.1709851012949,2.32451993037626,0.00217699213031343
1.04104104104104,183.041226233122,96.6157514569163,2.80254425800375,0.00261538779673667
1.08108108108108,223.628355763534,95.9628360211963,3.36965560362719,0.00312722148411415
1.12112112112112,273.27972918302,95.2007569299084,4.03871843227343,0.00371883847084054
1.16116116116116,333.853768269944,94.3168001792022,4.82383665300598,0.00439737872080084
1.2012012012012,407.954818781362,93.3016023623364,5.73827889749062,0.00516558653645931
1.24124124124124,498.347272004046,92.1445574133851,6.7966792814918,0.00602689214655695
1.28128128128128,608.899873878566,90.8413518449655,8.01069728758444,0.00697800700937577
1.32132132132132,743.753491700979,89.3870739045499,9.39311593423403,0.00801554666526868
1.36136136136136,908.651159763946,87.7849044789877,10.9518260213167,0.00912894817342482
1.4014014014014,1109.76610082427,86.0384733772664,12.695288789358,0.010306457999416
1.44144144144144,1355.61255924772,84.1588356722311,14.6263195957975,0.0115316670143876
1.48148148148148,1655.41104513479,82.1589084979229,16.7473264701465,0.0127858438150789
1.52152152152152,2021.76204929558,80.0551475614863,19.0562065348178,0.0140514884735269
1.56156156156156,2468.44572034087,77.8672945873213,21.5494721733536,0.0153073942676669
1.6016016016016,3014.07798639836,75.6139375792839,24.222086708919,0.0165373479563662
1.64164164164164,3679.24975998444,73.3170523728534,27.0667806882308,0.0177228294010411
1.68168168168168,4491.42788217917,70.9937302869536,30.0774434683839,0.018852890121004
1.72172172172172,5481.37031746467,68.6636605432059,33.245843555839,0.0199154545299656
1.76176176176176,6689.54923114703,66.3406653165802,36.5662892775384,0.0209054760413732
1.8018018018018,8161.94887646513,64.039504458643,40.0318675712685,0.0218183020447733
1.84184184184184,9958.17537637127,61.7702703110096,43.6384631931111,0.0226532616540856
1.88188188188188,12146.6283817763,59.5425602692471,47.3815573373373,0.0234114513525334
1.92192192192192,14815.1681511162,57.3631684637735,51.2589190453489,0.0240950790382964
1.96196196196196,18065.5178831912,55.2375015247579,55.2686820804591,0.024708467515261
2.002002002002,22027.0038302954,53.1696600893882,59.4105485019526,0.0252554570237877
2.04204204204204,26850.8406378063,51.1621571949386,63.6850312816311,0.0257415608047101
2.08208208208208,32727.1160450086,49.2169803935696,68.0936957667311,0.0261713516282603
2.12212212212212,39880.4266485867,47.3347941892164,72.6390392422853,0.0265503443395363
2.16216216216216,48589.790029895,45.5160345620458,77.3243318915924,0.0268831906686288
2.2022022022022,59188.4841104308,43.7602026686979,82.1536841986196,0.0271749745021895
2.24224224224224,72085.5262949717,42.0666567220998,87.1318131157961,0.0274302043411735
2.28228228228228,87775.9383595107,40.4342497132885,92.264214373192,0.0276531148805225
2.32232232232232,106858.585864119,38.8617677989429,97.5569467951049,0.0278473527958092
2.36236236236236,130063.079048021,37.3476523382301,103.016779389676,0.0280162341090372
2.4024024024024,158269.292857383,35.8903410242213,108.651043859812,0.0281624354226702
2.44244244244244,192550.601001693,34.4881091825177,114.467498486958,0.0282886748961098
2.48248248248248,234197.646315814,33.1392709248363,120.474322665989,0.0283973732699517
2.52252252252252,284787.568794118,31.8420438800507,126.680243312161,0.0284906310191567
2.56256256256256,346210.402573429,30.5946986790259,133.094366303085,0.0285703970697954
2.6026026026026,420779.738690868,29.3954704526352,139.726334323376,0.0286382821524742
2.64264264264264,511258.57915177,28.2426430493514,146.586229003447,0.0286956792551327
2.68268268268268,621034.807320086,27.1345076107075,153.684627219109,0.0287437504961119
2.72272272272272,754140.304179368,26.0694035899026,161.032586053618,0.0287834208139583
2.76276276276276,915540.496464026,25.0458466491251,168.640829309497,0.0288170655860955
2.8028028028028,1111105.128125,24.062477678048,176.520151715425,0.0288476976385083
2.84284284284284,1348025.92166166,23.1177432107322,184.683051634451,0.02887575674758
2.88288288288288,1634908.50638238,22.2100804039344,193.142828097881,0.0289009382938482
2.92292292292292,1982133.15606465,21.33805360662,201.912877918468,0.0289236940651147
2.96296296296296,2402278.25792975,20.5002047144451,211.007541780029,0.0289435977184173
3.003003003003,2910300.79668539,19.6951680570402,220.441448972054,0.0289606370256236
3.04304304304304,3524525.89099564,18.9216733388985,230.229619755991,0.0289751990333866
3.08308308308308,4266456.05539899,18.178468366922,240.387761983744,0.0289873161992917
3.12312312312312,5162700.20207309,17.4644088724749,250.931925576425,0.028997633397229
3.16316316316316,6244098.7612977,16.7783648975822,261.87890241336,0.0290064141297405
3.2032032032032,7549173.25652442,16.1192487794156,273.246172636479,0.0290139423372536
3.24324324324324,9122193.71468986,15.486025615561,285.051802267637,0.0290205427122745
3.28328328328328,11018804.3562514,14.8776679151061,297.314759715997,0.0290262776360241
3.32332332332332,13301362.5161483,14.2932118145033,310.054578326015,0.0290313277822531
3.36336336336336,16050793.0523544,13.7317081762226,323.291783981945,0.0290356760731633
3.4034034034034,19354756.3817746,13.1922558799269,337.047510416176,0.0290393519011509
3.44344344344344,23329872.3594468,12.6739887279439,351.343874449348,0.0290424808504905
3.48348348348348,28099379.5277545,12.1760740149264,366.203700979593,0.0290450515956986
3.52352352352352,33830170.1270248,11.6977128095917,381.650901345574,0.0290471813664106
3.56356356356356,40695225.9775342,11.2381423136239,397.710098579028,0.0290489107118201
3.6036036036036,48931661.6802973,10.7966202803259,414.407178640856,0.0290502851764089
3.64364364364364,58781737.4758175,10.372445598476,431.768736941038,0.0290513604065175
3.68368368368368,70579863.1361142,9.96493050060394,449.822785606907,0.0290521435429614
3.72372372372372,84665367.2116172,9.57342646885285,468.598091217422,0.0290526591055459
3.76376376376376,101508052.166438,9.19730244396459,488.124863483247,0.0290531482936155
3.8038038038038,121583986.774116,8.83595993491286,508.434181780938,0.0290537420311096
3.84384384384384,145520330.750262,8.4888110937389,529.558851198971,0.0290541141430491
3.88388388388388,174017544.894486,8.15529219163687,551.532883155577,0.029053875057893
3.92392392392392,207896865.574267,7.83486803695226,574.391477480752,0.0290529942384424
3.96396396396396,248162051.192129,7.52702438722898,598.171355765331,0.0290516227051361
4.004004004004,295896925.719329,7.23126801852696,622.910523608624,0.0290496349880271
4.04404404404404,352508326.929265,6.94712228512009,648.64884544084,0.0290471581757088
4.08408408408408,419434239.840297,6.67413618818957,675.427291495778,0.0290442530605135
4.12412412412412,498603855.237325,6.41186559256001,703.289167059344,0.0290408381726015
4.16416416416416,591949342.397918,6.15989462477739,732.278799448762,0.0290369911068669
4.2042042042042,702011979.220402,5.91781426466396,762.442997852165,0.0290326309562016
4.24424424424424,831452273.914102,5.68523707021786,793.829952524583,0.0290277156412773
4.28428428428428,983541790.114537,5.46180248696308,826.489758991406,0.0290231785062854
4.32432432432432,1161930721.2899,5.24716886394958,860.474328161468,0.0290201676360255
4.36436436436436,1370564175.83353,5.04100171755595,895.837579013024,0.0290191695864212
4.4044044044044,1614561450.42207,4.84294209574406,932.63738801105,0.0290187948417505
4.44444444444444,1898891673.58814,4.65268194781616,970.931936352383,0.0290194555480892
4.48448448448448,2229830692.6672,4.46990792329687,1010.78309338978,0.0290208277178137
4.52452452452452,2614210366.81889,4.29431793025807,1052.25497349605,0.0290224316325476
4.56456456456456,3059367775.11367,4.12562413537005,1095.41380601518,0.029023776851325
4.6046046046046,3574278745.63809,3.96355422239676,1140.329537698,0.0290250055797663
4.64464464464464,4167918407.54074,3.80784240848232,1187.07365157795,0.0290255547222016
4.68468468468468,4850877499.61285,3.65824076976747,1235.72147580564,0.0290256762645622
4.72472472472472,5634521812.45938,3.51451307492647,1286.35089118483,0.029025602116369
4.76476476476476,6530996373.39398,3.37643171646122,1339.0425802089,0.0290253953788736
4.8048048048048,7553856760.35016,3.24377133323507,1393.88192484359,0.0290250523215474
4.84484484484484,8717268048.67118,3.11632703606375,1450.95580676374,0.0290248732517223
4.88488488488488,10035406198.1741,2.99388031099741,1510.35850746765,0.0290244422758587
4.92492492492492,11524183425.8729,2.87623872480235,1572.18459097202,0.0290239084181033
4.96496496496496,13200543380.4093,2.76322178589849,1636.53145996258,0.0290235212330858
5.00500500500501,15082152975.59,2.65465476242563,1703.50047340378,0.0290234277648149
5.04504504504505,17180885993.9318,2.55034728550609,1773.20404803459,0.0290233362739752
5.08508508508509,19513128346.448,2.45013205321954,1845.75369195314,0.0290232241790445
5.12512512512513,22097982463.0957,2.35385808674317,1921.26208966949,0.0290232147031848
5.16516516516517,24953366223.5003,2.26137607891257,1999.84763200736,0.0290233088822268
5.20520520520521,28080286895.7188,2.17252550768739,2081.64241844026,0.0290234616375065
5.24524524524525,31485822850.8909,2.08716001021606,2166.77910927919,0.0290236344361849
5.28528528528529,35186644615.773,2.00515127042278,2255.38891128254,0.029023803359391
5.32532532532533,39192785154.5891,1.92637109980853,2347.61086265905,0.0290239219134319
5.36536536536537,43492429736.9686,1.85068857900487,2443.59599082715,0.0290240088288883
5.40540540540541,48067803370.5558,1.77797713228159,2543.50163624285,0.0290240923399416
5.44544544544545,52917401121.8648,1.708124426476,2647.4835100763,0.0290241322178168
5.48548548548549,58018376579.8563,1.64101793113244,2755.70830228448,0.029024130147592
5.52552552552553,63318410112.312,1.57654554069903,2868.35506185716,0.0290241186594316
5.56556556556557,68791467979.0727,1.51460623280579,2985.60036852086,0.0290240977806909
5.60560560560561,74393086978.5014,1.45510152128873,3107.63026565501,0.0290240843868476
5.64564564564565,80041012686.9138,1.39793177198729,3234.64771092016,0.0290240538509536
5.68568568568569,85676481050.1684,1.34300788316809,3366.85168622325,0.0290240307604334
5.72572572572573,91221811664.8809,1.29024320269891,3504.45165357302,0.0290240261412705
5.76576576576577,96586927849.4934,1.23955024989338,3647.67331259851,0.0290240265627874
5.80580580580581,101674388282.189,1.19084787652764,3796.7459378406,0.0290240297735118
5.84584584584585,106378723772.351,1.14406032293485,3951.90404784468,0.0290240400039542
5.88588588588589,110601687372.633,1.09911175535082,4113.39805231039,0.0290240556710526
5.92592592592593,114252525859.683,1.05592737366031,4281.49226705682,0.0290240744953776
5.96596596596597,117205685017.585,1.01444059839337,4456.44975578094,0.0290240923382965
6.00600600600601,119356861453.119,0.974585478832244,4638.54904123466,0.0290241061059762
6.04604604604605,120696541651.009,0.936294298748338,4828.09280819715,0.0290241228947557
6.08608608608609,121103656026.255,0.899507974759873,5025.37705235921,0.0290241369249452
6.12612612612613,120497815368.436,0.864168384705613,5230.71384143973,0.0290241465584435
6.16616616616617,118937740288.365,0.830216563775876,5444.44529541941,0.0290241564036436
6.20620620620621,116366989518.991,0.797596981213657,5666.89795156728,0.0290241656935468
6.24624624624625,112796654519.354,0.766257254440477,5898.42614945265,0.0290241746521222
6.28628628628629,108363572740.584,0.73615490549134,6139.4500603589,0.0290241845269259
6.32632632632633,103036531886.633,0.707232981258791,6390.29744771706,0.0290241956392118
6.36636636636637,96974713668.6892,0.679448632279743,6651.40048725602,0.02902420817942
6.40640640640641,90290828567.5078,0.652755793558987,6923.16589772072,0.0290242224865394
6.44644644644645,83127929817.6335,0.627111746756887,7206.03423498942,0.029024238877406
6.48648648648649,75655550723.6297,0.602475736542135,7500.46236556988,0.0290242575920563
6.52652652652653,68016615147.6816,0.578806882535029,7806.91213561928,0.0290242792056293
6.56656656656657,60387924273.3406,0.556068929412726,8125.89231720912,0.0290243044327916
6.60660660660661,52911518157.0472,0.534222992094551,8457.88904533801,0.0290243340877288
6.64664664664665,45726153167.7798,0.513236697792124,8803.46741979606,0.0290243698078466
6.68668668668669,38968252519.2844,0.493073274391548,9163.14079478634,0.0290244128305495
6.72672672672673,32703850803.3327,0.473703623416996,9537.53421751235,0.0290244665350983
6.76676676676677,27058963943.945,0.455092925460564,9927.18733889659,0.0290245326297612
6.80680680680681,22033723633.9513,0.437213625326799,10332.7629742311,0.0290246167713812
6.84684684684685,17655101805.7552,0.420036484557173,10754.9013526451,0.029024725164492
6.88688688688689,13906896061.9748,0.403534279057187,11194.2844928203,0.0290248669179658
6.92692692692693,10754739091.0464,0.38768083198738,11651.6273288397,0.0290250577144245
6.96696696696697,8164250855.44372,0.37245016188086,12127.6508214399,0.0290253168520138
7.00700700700701,6077208784.12132,0.357817745760449,12623.1169832358,0.0290256736715999
7.04704704704705,4430567821.63564,0.343760493643056,13138.8339976076,0.029026184558335
7.08708708708709,3164530004.92606,0.330255285024343,13675.6124289303,0.0290269209022616
7.12712712712713,2212051558.85619,0.317280537861796,14234.3148059542,0.0290279985591669
7.16716716716717,1513546307.38612,0.304815807712234,14815.8531661373,0.0290296551915428
7.20720720720721,1009575704.20797,0.292840212924436,15421.122695765,0.0290321171214058
7.24724724724725,656776880.254684,0.281335233399017,16051.1221302222,0.0290360172590605
7.28728728728729,416646055.797969,0.270282324204923,16706.8597965285,0.0290423576707521
7.32732732732733,257509852.391189,0.259663671642479,17389.384445976,0.0290529474845512
7.36736736736737,154795719.34578,0.249462211701045,18099.7882356463,0.0290710420802144
7.40740740740741,90293645.247103,0.239661554294151,18839.2065372371,0.0291028140390632
7.44744744744745,51146022.0918981,0.230246001806649,19608.8213843295,0.0291604808511089
7.48748748748749,28072219.6264399,0.2212004604847,20409.855907303,0.0292683600856411
7.52752752752753,14880666.8929516,0.212510472978195,21243.572544761,0.0294767546845364
7.56756756756757,7630335.72581733,0.204162248137546,22111.2632306046,0.0298925357119488
7.60760760760761,3776867.66449645,0.196142715898443,23014.2194519952,0.0307530714507522
7.64764764764765,1799083.91170262,0.188439717300973,23953.6598620447,0.0326022353772118
7.68768768768769,826611.221566023,0.181042471991801,24930.5533829293,0.0367185121216719
7.72772772772773,364356.341497325,0.173942763480512,25945.1446335957,0.0462529575030259
7.76776776776777,154842.153385674,0.167137865022666,26995.7138203465,0.0691970057700035
7.80780780780781,62809.514533192,0.160637948532017,28075.2228939405,0.126410667825239
7.84784784784785,24398.577332474,0.154485824748733,29161.9049321626,0.274171407434657
7.88788788788789,9062.5487372447,0.148802915402165,30195.3591951359,0.661280847919818
7.92792792792793,3245.36206032828,0.143871280687411,31029.6439196804,1.6400169893428
7.96796796796797,1134.88823750985,0.140145207560462,31413.4236060186,3.80532412690442
8.00800800800801,394.809046857861,0.137896761035308,31166.4961946953,7.55068787311077
8.04804804804805,140.26129395215,0.136821578874395,30408.2821981866,12.5187737961546
8.08808808808809,51.6722702144829,0.136372796844857,29399.5908874213,18.0213019072304
8.12812812812813,19.8597302212489,0.136191958620622,28312.9965114844,23.6125467241366
8.16816816816817,7.97468864614043,0.13611643832393,27224.3751744268,29.0998845172524
8.20820820820821,3.34505750560422,0.136082116401769,26161.7357427064,34.4148997347525
8.24824824824825,1.46232796561014,0.136064317104668,25134.4561813703,39.5373577239425
8.28828828828829,0.665726592352727,0.136053373267405,24145.0749829622,44.4646169168263
8.32832832832833,0.315003848348739,0.136045379397324,23193.6311204923,49.2003781183121
8.36836836836837,0.154772589858041,0.136038707011566,22279.2452970999,53.7505825059295
8.40840840840841,0.0788030938832563,0.136032648278999,21400.7147436011,58.1218711171712
8.44844844844845,0.0415462972596738,0.136026885284877,20556.7374535598,62.3210063505464
8.48848848848849,0.0226395056669901,0.136021269571578,19746.001187535,66.3546451494712
8.52852852852853,0.0127352546380537,0.136015729769095,18967.2183490201,70.2292530456731
8.56856856856857,0.00738813607041743,0.136010230416189,18219.1399205414,73.9510726455517
8.60860860860861,0.00441269328540455,0.136004753269688,17500.5604776689,77.5261153007795
8.64864864864865,0.00271196935668589,0.13599928874584,16810.3193860072,80.9601625234544
8.68868868868869,0.00171241414073717,0.135993831616167,16147.3004428092,84.2587713683137
8.72872872872873,0.00110966811821928,0.135988378967935,15510.4307729674,87.427281572198
8.76876876876877,0.000737643992432104,0.13598292914118,14898.6794657495,90.4708231739661
8.80880880880881,0.000502223567105009,0.135977481157173,14311.0560721587,93.3943244265237
8.84884884884885,0.000349578112521114,0.135972034429129,13746.609081304,96.2025195899145
8.88888888888889,0.000248852512396278,0.135966588599921,13204.4244924344,98.8999561514262
8.92892892892893,0.000181087914624088,0.135961143442185,12683.6243045689,101.491002411386
8.96896896896897,0.000134472916863417,0.135955698809815,12183.365120674,103.979854460306
9.00900900900901,0.000101615153704102,0.135950254606859,11702.8366588927,106.370543605506
9.04904904904905,7.81514254614203e-05,0.13594481077291,11241.2607672395,108.666941282666
9.08908908908909,6.12831072232815e-05,0.135939367267162,10797.8900417959,110.872765940638
9.12912912912913,4.8999972662636e-05,0.135933924059585,10372.0064934911,112.991589679842
9.16916916916917,3.98756102586805e-05,0.13592848112822,9962.92039151921,115.026844007927
9.20920920920921,3.29842642925806e-05,0.135923038457843,9569.96919966442,116.981825132353
9.24924924924925,2.76683175744307e-05,0.135917596037634,9192.5162120593,118.859700749258
9.28928928928929,2.34560291390855e-05,0.135912153859599,8829.94959386189,120.663514816888
9.32932932932933,2.01801999531716e-05,0.135906711920136,8481.68314209113,122.396183769481
9.36936936936937,1.75561484719818e-05,0.135901270213832,8147.15193573957,124.060518161711
9.40940940940941,1.55695283350235e-05,0.135895828739453,7825.815770837,125.65920557582
9.44944944944945,1.39957955014366e-05,0.135890387492764,7517.1530775626,127.194840888426
9.48948948948949,1.28041431218452e-05,0.135884946472515,7220.66520736148,128.669904938491
9.52952952952953,1.18500496373265e-05,0.135879505676059,6935.8710320584,130.086791399731
9.56956956956957,1.10873563968236e-05,0.135874065102193,6662.30989914986,131.447792076096
9.60960960960961,1.0461277785612e-05,0.135868624749757,6399.53835389827,132.755113210545
9.64964964964965,9.94362288100632e-06,0.135863184617979,6147.1308553309,134.010871922625
9.68968968968969,9.52714872195751e-06,0.135857744706451,5904.67881475219,135.217100992023
9.72972972972973,9.14820271606136e-06,0.135852305013227,5671.77818028565,136.375810627751
9.76976976976977,8.83181871233951e-06,0.135846865538492,5448.0559073483,137.488856772845
9.80980980980981,8.61751139021095e-06,0.135841426282658,5233.15573351348,138.558011876915
9.84984984984985,8.55192197018835e-06,0.135835987246162,5026.73669700277,139.584972266901
9.88988988988989,8.6221249852928e-06,0.13583054842845,4828.46190456917,140.571414028773
9.92992992992993,8.64161085532522e-06,0.135825109826054,4637.97881905711,141.519091080297
9.96996996996997,8.75894664662761e-06,0.13581967144115,4455.00720161501,142.429397643471
10.01001001001,9.00194054078778e-06,0.135814233273891,4279.26030242127,143.303760334155
10.0500500500501,9.4056108567437e-06,0.135808795324559,4110.46698521177,144.143528088759
10.0900900900901,9.88199094183901e-06,0.135803357590242,3948.31236646472,144.950267492939
10.1301301301301,1.04422819110601e-05,0.135797920070504,3792.53910313557,145.725258860371
10.1701701701702,1.11284774760189e-05,0.135792482765639,3642.91621786161,146.469651331901
10.2102102102102,1.1953235102666e-05,0.135787045675139,3499.21168397595,147.184599269083
10.2502502502503,1.29249668673439e-05,0.135781608798248,3361.19444868582,147.871252188396
10.2902902902903,1.40262457289037e-05,0.135776172133104,3228.58953654187,148.530978127327
10.3303303303303,1.52810915972821e-05,0.135770735679417,3101.21794705392,149.164667635511
10.3703703703704,1.66985232973462e-05,0.135765299436226,2978.87929093589,149.773317674702
10.4104104104104,1.82879569464652e-05,0.135759863402504,2861.3838055936,150.357872337548
10.4504504504505,2.00910108065886e-05,0.135754427576981,2748.51646738225,150.91940139345
10.4904904904905,2.21356107333072e-05,0.135748991958403,2640.08877778745,151.458842646054
10.5305305305305,2.44338961829167e-05,0.135743556545552,2535.94112623073,151.976990178
10.5705705705706,2.70113414878083e-05,0.135738121337074,2435.90993040302,152.474657831745
10.6106106106106,2.99082009146723e-05,0.135732686331311,2339.83665057234,152.952634362274
10.6506506506507,3.33001072629989e-05,0.135727251524129,2247.53224300453,153.411860285559
10.6906906906907,3.71871200124701e-05,0.135721816914528,2158.86881338888,153.852971891885
10.7307307307307,4.16422495770916e-05,0.135716382500155,2073.7063640208,154.276665687311
10.7707707707708,4.6745204102448e-05,0.135710948278503,1991.91232201164,154.683601238509
10.8108108108108,5.27370043664886e-05,0.135705514241655,1913.33827955066,155.074516893049
10.8508508508509,5.98304352392532e-05,0.135700080382727,1837.8485089405,155.450087913309
10.8908908908909,6.81019522405988e-05,0.135694646699537,1765.33622380569,155.810845574807
10.9309309309309,7.7723760690589e-05,0.135689213186723,1695.68866589737,156.15735086398
10.970970970971,8.8881530992044e-05,0.135683779838538,1628.79948372537,156.490132892847
11.011011011011,0.000101951149802048,0.135678346642028,1564.55305690781,156.809766887696
11.0510510510511,0.000117418665498342,0.135672913580121,1502.83159602155,157.116838866271
11.0910910910911,0.000135508589231885,0.135667480645974,1443.54810771741,157.411781631439
11.1311311311311,0.000156601703648644,0.135662047826846,1386.60934023631,157.695059122745
11.1711711711712,0.000181272641840925,0.13565661510399,1331.92248410271,157.967133079449
11.2112112112112,0.000210494516196816,0.135651182446441,1279.38961225878,158.228490701686
11.2512512512513,0.000244813134729289,0.135645749836091,1228.93011701037,158.479533023364
11.2912912912913,0.000285025674951091,0.135640317247079,1180.46228142491,158.720666597164
11.3313313313313,0.000332937906103458,0.135634884624071,1133.90454655309,158.95229719018
11.3713713713714,0.000389524889147737,0.135629451935609,1089.18250293207,159.174794999664
11.4114114114114,0.000456201765488181,0.135624019137252,1046.22406009373,159.388518685776
11.4514514514515,0.000535130674670151,0.135618586162449,1004.95934281785,159.593815887883
11.4914914914915,0.000628815064737489,0.135613152934455,965.321529093372,159.791019055424
11.5315315315315,0.000739720265442489,0.135607719377442,927.247602747657,159.980441703346
11.5715715715716,0.000871936370523955,0.135602285367198,890.674496594644,160.162397601203
11.6116116116116,0.00102900530303273,0.135596850795788,855.544349880617,160.337174615629
11.6516516516517,0.00121605639502423,0.135591415508324,821.800145361213,160.505056417424
11.6916916916917,0.00143939221566989,0.135585979315245,789.386595076051,160.666318074518
11.7317317317317,0.00170510389124734,0.135580542032951,758.252150739145,160.821216049451
11.7717717717718,0.00202359529155796,0.135575103352293,728.345292714639,160.970006663823
11.8118118118118,0.00240375209023844,0.135569663007582,699.618205087296,161.11292781234
11.8518518518519,0.00285815732259749,0.13556422062587,672.02433104444,161.250211126816
11.8918918918919,0.00340340787171054,0.135558775717985,645.518532252378,161.382081183335
11.9319319319319,0.00405482342824737,0.135553327830782,620.058458706369,161.508748685432
11.971971971972,0.00483827722021576,0.135547876207793,595.602290654279,161.630421701785
12.012012012012,0.00577773702217741,0.13554242014613,572.110770554671,161.747295553389
12.0520520520521,0.00690416176233251,0.135536958742252,549.546034280147,161.85955863091
12.0920920920921,0.00826153280250674,0.135531490720131,527.87102939042,161.96739529042
12.1321321321321,0.00988927395299115,0.135526014932184,507.051243575281,162.070977249592
12.1721721721722,0.0118519099011259,0.135520529516712,487.052556378421,162.170474282918
12.2122122122122,0.0142149259883305,0.135515032582697,467.842689641382,162.266046999829
12.2522522522523,0.017055267665549,0.135509521912986,449.390801426272,162.357848867293
12.2922922922923,0.0204902761214743,0.135503994147029,431.666518238823,162.446031030865
12.3323323323323,0.0246225626073648,0.135498446336894,414.641584244787,162.530734097917
12.3723723723724,0.0296146712012653,0.135492873844642,398.288225930649,162.61209628867
12.4124124124124,0.0356461771612654,0.135487271549084,382.579924804642,162.690249583534
12.4524524524525,0.0429104212387337,0.135481633938671,367.491539717286,162.765319113726
12.4924924924925,0.0517220869389799,0.13547595209675,352.998221554715,162.837428579908
12.5325325325325,0.0623510287300497,0.135470218354995,339.076871549239,162.906692967984
12.5725725725726,0.0752102215864786,0.135464421039607,325.704873315927,162.973224888518
12.6126126126126,0.0907933257319692,0.135458546215504,312.860473587509,163.037132672362
12.6526526526527,0.109587915195586,0.135452580108842,300.52320457264,163.098518255429
12.6926926926927,0.132383497340253,0.13544650056165,288.672853958491,163.157482341468
12.7327327327327,0.159929970356843,0.135440286488881,277.290447806917,163.214119473203
12.7727727727728,0.193354023801088,0.135433906322776,266.35746410189,163.268522001295
12.8128128128128,0.233810739106044,0.135427327696904,255.856327161307,163.320777572624
12.8528528528529,0.282903642515539,0.135420505807896,245.770048179683,163.370970975429
12.8928928928929,0.342404133373841,0.135413391176001,236.082413625556,163.419183166417
12.9329329329329,0.414603783112972,0.135405919954266,226.777827721888,163.465492090492
12.972972972973,0.502211430354089,0.135398016747707,217.841343981969,163.509972515155
13.013013013013,0.608511985430114,0.13538959029081,209.25866061524,163.552696065587
13.0530530530531,0.737637337214803,0.13538052600008,201.016004078963,163.593731831325
13.0930930930931,0.894316122739482,0.135370692889103,193.10027161019,163.633145631188
13.1331331331331,1.08482222403068,0.135359917631048,185.49880916404,163.671001204893
13.1731731731732,1.3159938159394,0.135348011414903,178.199627589023,163.70735904661
13.2132132132132,1.59731795266478,0.135334713263798,171.191154263222,163.742277819163
13.2532532532533,1.93872658659224,0.13531974993777,164.462452422338,163.775813075625
13.2932932932933,2.3545160371514,0.135302730204565,158.002995695587,163.808018688424
13.3333333333333,2.85917464110395,0.135283257180861,151.802859525191,163.838945577326
13.3733733733734,3.47417799186745,0.135260747078944,145.852541920538,163.868643084189
13.4134134134134,4.22078147758281,0.135234620769771,140.1431062878,163.897157764658
13.4534534534535,5.13106904431332,0.135204013802068,134.666077471415,163.924534616762
13.4934934934935,6.23696383701887,0.135168063407879,129.41350505724,163.950816077466
13.5335335335335,7.58467171018598,0.135125537924427,124.377964075882,163.976042863538
13.5735735735736,9.22375970073242,0.135075114874498,119.552530205414,164.000253475163
13.6136136136136,11.2204115391826,0.135015055229659,114.930863453065,164.023484459434
13.6536536536537,13.6511112071935,0.134943356161289,110.507158486445,164.045770348134
13.6936936936937,16.6109939844143,0.13485756662381,106.276225421853,164.067143594454
13.7337337337337,20.2174260260904,0.134754697069261,102.233511835992,164.087634655488
13.7737737737738,24.6076733626178,0.134631305751553,98.3750855590683,164.107271874768
13.8138138138138,29.9609414029592,0.134483012619057,94.6978236400881,164.126081458778
13.8538538538539,36.476064467906,0.134305016805946,91.1992061153453,164.144087534061
13.8938938938939,44.425429289632,0.134091060639281,87.8777511024969,164.161311835683
13.9339339339339,54.0982219926286,0.13383452112567,84.732551614995,164.177774087738
13.973973973974,65.9067283361114,0.133526768211833,81.7639843402282,164.193491363893
14.014014014014,80.2732693807224,0.133158827403286,78.9729893355442,164.208478764884
14.0540540540541,97.819439276457,0.132719385054289,76.3619607514462,164.222748699399
14.0940940940941,119.164528390581,0.132196626961179,73.9338691852343,164.236311570535
14.1341341341341,145.24381074901,0.131576798536429,71.690634546279,164.249179895097
14.1741741741742,176.981701981838,0.130845119704819,69.6360450867705,164.261361910723
14.2142142142142,215.740769895946,0.129986454417192,67.7765502703436,164.272861600243
14.2542542542543,262.944265125218,0.128984083987588,66.1185753435122,164.283682337061
14.2942942942943,320.548153760086,0.12782285414712,64.6696469699672,164.293826368501
14.3343343343343,390.754426092079,0.126486918024303,63.4384956549684,164.303293705291
14.3743743743744,476.371329027365,0.124964099529212,62.4323365857971,164.312088524062
14.4144144144144,580.784503425248,0.123245087621248,61.6578586942588,164.320217162576
14.4544544544545,708.03827062929,0.121323454059388,61.1214534564356,164.327687207739
14.4944944944945,863.306324324062,0.119200740635116,60.8264953659312,164.334514045784
14.5345345345345,1052.43264019364,0.11687966903045,60.7767935194822,164.340712631847
14.5745745745746,1283.27885494609,0.114373366521712,60.9725840659411,164.346306566384
14.6146146146146,1564.31831365567,0.111695926240141,61.4140964674585,164.35132013545
14.6546546546547,1907.43602608148,0.108868047796838,62.0990629023606,164.355782930014
14.6946946946947,2324.96036064038,0.105914339611907,63.0242657333112,164.35972766046
14.7347347347347,2834.77371777439,0.102856771801257,64.186302356774,164.363186028748
14.7747747747748,3454.87563684032,0.0997254619427711,65.5796628630471,164.366195674044
14.8148148148148,4212.05248297904,0.0965390960595023,67.2016336441769,164.368785863756
14.8548548548549,5132.83504194825,0.0933256869369136,69.0465979012964,164.370993340429
14.8948948948949,6256.69019140928,0.0900998485705055,71.1137840625717,164.372842203395
14.9349349349349,7623.74730828001,0.086880820396151,73.4003757453085,164.374361268358
14.974974974975,9290.52509170924,0.0836794037988672,75.9081139958338,164.375568423659
15.015015015015,11318.9130931473,0.0805043755398091,78.6393220646536,164.376479709395
15.0550550550551,13789.5389580488,0.0773608708603446,81.5995948363361,164.377103931736
15.0950950950951,16797.1187699118,0.0742497598213832,84.7972988080059,164.377443401051
15.1351351351351,20456.956302449,0.0711690986254954,88.2436225209279,164.37749435155
15.1751751751752,24912.9710817838,0.0681133973635085,91.9540862028628,164.377243972391
15.2152152152152,30330.4723991901,0.0650735519676742,95.9472101765458,164.376672849846
15.2552552552553,36926.6530289979,0.062037430245097,100.247765769333,164.375749454259
15.2952952952953,44939.1020059245,0.0589889225533432,104.883621159192,164.374435337156
15.3353353353353,54693.3916829036,0.0559077935113984,109.891987823145,164.372674453648
15.3753753753754,66531.7794394321,0.0527703152654173,115.3128842714,164.370404440894
15.4154154154154,80938.9675456604,0.049546087765167,121.200167486305,164.367537157492
15.4554554554555,98408.9504214632,0.0462020748383473,127.609960212252,164.363979253341
15.4954954954955,119658.141555496,0.0426952804797404,134.617959779689,164.359601370204
15.5355355355355,145400.511777445,0.0389807283341916,142.301675622793,164.354269737049
15.5755755755756,176686.606581388,0.0350003856681065,150.764518873754,164.34780403446
15.6156156156156,214564.447157086,0.0306937902428447,160.112779185166,164.340017328393
15.6556556556557,260513.906730599,0.0259873662846756,170.480611510528,164.330674609017
15.6956956956957,316114.003155979,0.0208015711307724,182.012444439527,164.319521207697
15.7357357357357,383423.450380546,0.0150477108569394,194.876181944978,164.306265443889
15.7757757757758,464788.70019723,0.00862841974168648,209.258095390216,164.290583977176
15.8158158158158,563062.859142199,0.00144292403244274,225.360618842137,164.272133269564
15.8558558558559,681673.91440524,-0.00661466485361553,243.406286604167,164.25054303964
15.8958958958959,825383.282168613,-0.010611620989,258.156063116888,164.23895829733
15.9359359359359,999337.828944324,-0.0101957672507252,268.69528765202,164.239016019591
15.975975975976,1208397.76217935,-0.00979558982048016,279.655240982471,164.239065954322
16.016016016016,1459982.58519023,-0.00941098355620463,291.062533431785,164.239108900393
16.0560560560561,1763635.45975317,-0.00904139803221748,302.937293620173,164.239145872126
16.0960960960961,2129109.43928403,-0.00868634598207444,315.299898052453,164.239177655911
16.1361361361361,2568852.95282931,-0.00834522486787494,328.169592437127,164.239204729023
16.1761761761762,3098360.56227921,-0.00801749473040116,341.5671189665,164.23922768789
16.2162162162162,3733794.4847094,-0.00770260938626838,355.513222238533,164.239247074622
16.2562562562563,4497895.54969684,-0.00740007449898601,370.030508637126,164.239263335012
16.2962962962963,5414772.18072877,-0.00710939874223235,385.141820935242,164.239276878335
16.3363363363363,6513090.33188655,-0.0068301194986492,400.871139244137,164.239288069782
16.3763763763764,7830355.33760316,-0.00656180605364226,417.243678006412,164.239297978576
16.4164164164164,9405825.78066162,-0.00630403242327493,434.285189608352,164.239307198312
16.4564564564565,11290819.1240793,-0.00605637654016212,452.023486520983,164.239314892475
16.4964964964965,13542525.7551049,-0.00581844388565499,470.486995856706,164.239321081278
16.5365365365365,16231404.6587422,-0.00558985234209237,489.705351196297,164.239325934244
16.5765765765766,19438781.9974766,-0.00537023507902563,509.709400063477,164.239329431167
16.6166166166166,23260234.1239212,-0.00515924086829699,530.531115447026,164.239331846658
16.6566566566567,27810913.9799381,-0.00495653038707715,552.203936151498,164.239333206371
16.6966966966967,33219983.8155677,-0.00476177933752046,574.762490226418,164.239333642316
16.7367367367367,39647479.3454192,-0.00457467366751248,598.243077065709,164.239333110903
16.7767767767768,47271656.9920634,-0.00439491599527481,622.683148381761,164.239331934801
16.8168168168168,56313960.7358072,-0.00422222777127803,648.121480551628,164.239331527913
16.8568568568569,67005320.2072761,-0.00405633904229646,674.598347723941,164.23933252829
16.8968968968969,79655624.6593774,-0.00389697115915548,702.156936393822,164.23933389952
16.9369369369369,94573186.6897784,-0.00374387295810315,730.840951196142,164.239335965092
16.976976976977,112159345.709597,-0.00359679446077134,760.696695502585,164.239338465595
17.017017017017,132849470.561959,-0.00345549574725903,791.772116589788,164.239340977885
17.0570570570571,157147555.941789,-0.00331974840857472,824.1170380678,164.239343313766
17.0970970970971,185655025.202384,-0.00318933446552643,857.783470510544,164.239345640254
17.1371371371371,219008858.449447,-0.00306404371779199,892.825178637974,164.239347715221
17.1771771771772,258008929.992666,-0.0029436751086848,929.298659181518,164.239349797149
17.2172172172172,303466017.613836,-0.00282803789898868,967.261891264193,164.239351960366
17.2572572572573,356410520.192665,-0.00271694379386294,1006.7762941511,164.239354183038
17.2972972972973,417888549.306525,-0.00261021750531042,1047.90469884314,164.239356648273
17.3373373373373,489136102.218706,-0.00250768519124614,1090.71328301444,164.239359100851
17.3773773773774,571532358.262792,-0.00240917871136137,1135.27094191694,164.239361203434
17.4174174174174,666578592.558945,-0.00231453697591267,1181.64905897601,164.239362606354
17.4574574574575,775941030.097387,-0.00222361404764231,1229.92183763179,164.239364018853
17.4974974974975,901452996.878333,-0.00213626748708913,1280.16650887229,164.239365889996
17.5375375375375,1045123906.21362,-0.00205235882042719,1332.46341261209,164.23936849754
17.5775775775776,1209067148.08558,-0.00197174648670398,1386.89686326378,164.239371002535
17.6176176176176,1395599107.95032,-0.00189429737335752,1443.5543006694,164.239372997091
17.6576576576577,1607227209.73887,-0.00181988365053208,1502.5266112335,164.239374132854
17.6976976976977,1846409790.51701,-0.00174839121087464,1563.90826877579,164.23937499419
17.7377377377377,2115839850.54512,-0.00167970523289176,1627.79766885237,164.239375578196
17.7777777777778,2418356966.65312,-0.00161371493415686,1694.29715308984,164.239375837283
17.8178178178178,2756479707.47597,-0.00155031440343686,1763.51354724799,164.239375756459
17.8578578578579,3132968890.50729,-0.00148940344442859,1835.55770003841,164.239375518839
17.8978978978979,3550584084.01895,-0.00143088661211385,1910.5448709383,164.239375403371
17.9379379379379,4011327387.11504,-0.00137466834514132,1988.59561730818,164.239375210407
17.977977977978,4517410940.66447,-0.00132065938392754,2069.83493153196,164.239375073866
18.018018018018,5070744915.30427,-0.00126877341706603,2154.39287691546,164.239375073976
18.0580580580581,5671940351.32482,-0.00121892728104796,2242.40533661815,164.239375195731
18.0980980980981,6321672191.61571,-0.00117104020007094,2334.01330512698,164.239375390975
18.1381381381381,7019841816.86812,-0.00112503393925402,2429.3635375484,164.239375545887
18.1781781781782,7764527634.93581,-0.0010808366622128,2528.60930103216,164.239375841863
18.2182182182182,8553648307.4295,-0.00103837578462034,2631.90954399828,164.239376134118
18.2582582582583,9383778326.21356,-0.000997582119359064,2739.42972827472,164.239376332507
18.2982982982983,10249573313.2423,-0.000958390703102225,2851.34254324915,164.239376481382
18.3383383383383,11144328192.9454,-0.000920738824391215,2967.82748506115,164.239376601554
18.3783783783784,12059941979.4102,-0.000884565666960861,3089.07098963826,164.23937667113
18.4184184184184,12986723404.3543,-0.000849813185612421,3215.26753186147,164.239376692713
18.4584584584585,13913510141.9453,-0.000816425613526592,3346.61989301583,164.239376655896
18.4984984984985,14826665244.8718,-0.000784349712518426,3483.33820236882,164.239376617879
18.5385385385385,15711368547.3217,-0.000753534249750418,3625.6414951162,164.239376615551
18.5785785785786,16554199647.6093,-0.000723929316532958,3773.75872703722,164.239376580983
18.6186186186186,17336810523.465,-0.000695487685460047,3927.92683494225,164.239376569497
18.6586586586587,18040447538.5144,-0.000668163649290804,4088.39265093169,164.239376594263
18.6986986986987,18652642694.7812,-0.000641913475471234,4255.41444033647,164.239376641421
18.7387387387387,19154141287.3164,-0.000616694780488945,4429.25948661694,164.239376708757
18.7787787787788,19527455859.3698,-0.000592466756805442,4610.20618013864,164.239376778317
18.8188188188188,19762189572.065,-0.000569190726218026,4798.54520246063,164.239376861906
18.8588588588589,19848140366.558,-0.000546829291129356,4994.57863576897,164.239376956101
18.8988988988989,19775126557.0913,-0.000525346192482314,5198.62024660225,164.23937703808
18.9389389389389,19538166246.6206,-0.000504706914689251,5410.99734369681,164.239377106254
18.978978978979,19136793902.7853,-0.000484878536104795,5632.05114048486,164.239377175939
19.019019019019,18573632702.7691,-0.000465829040349034,5862.13533425207,164.23937724064
19.0590590590591,17856143116.1643,-0.000447527834016761,6101.61867696775,164.239377304044
19.0990990990991,16994799279.6089,-0.000429945595118554,6350.88675129219,164.239377356543
19.1391391391391,16008225611.0001,-0.000413054087719114,6610.3381061676,164.239377413006
19.1791791791792,14920147487.6308,-0.000396826207703623,6880.38805447631,164.239377485218
19.2192192192192,13748938736.7194,-0.000381235536729028,7161.47486614885,164.239377568977
19.2592592592593,12516441445.9448,-0.000366257057328663,7454.04997487798,164.239377661244
19.2992992992993,11257810970.2993,-0.000351867218747425,7758.57521858602,164.239377776314
19.3393393393393,10007845594.5784,-0.000338043447334613,8075.53111165353,164.239377921887
19.3793793793794,8789297484.601,-0.000324762999842808,8405.43160919857,164.239378099252
19.4194194194194,7619023639.31149,-0.000312004102075483,8748.81114013236,164.239378311072
19.4594594594595,6511874726.6915,-0.000299746199798045,9106.22176007352,164.239378565301
19.4994994994995,5483814743.40073,-0.000287969822623552,9478.23434895684,164.239378876579
19.5395395395395,4547861430.23711,-0.000276656172916582,9865.44390657662,164.239379264569
19.5795795795796,3712432199.00526,-0.000265787060641951,10268.4712584039,164.239379755764
19.6196196196196,2981241176.95056,-0.000255344981641276,10687.9631399893,164.239380388526
19.6596596596597,2353761657.44236,-0.000245313143607338,11124.5925127355,164.239381218256
19.6996996996997,1825918761.25673,-0.000235675399745076,11579.0597117968,164.239382325191
19.7397397397397,1390348997.05307,-0.000226416288585033,12052.0928047168,164.239383821652
19.7797797797798,1038773268.04121,-0.000217520924723291,12544.4509438138,164.239385898546
19.8198198198198,760135772.458101,-0.000208975064605618,13056.92184151,164.239388806739
19.8598598598599,544524681.864477,-0.000200764965590832,13590.3275994356,164.23939298463
19.8998998998999,381656678.935192,-0.000192877429070113,14145.5234811553,164.239399133645
19.9399399399399,261618017.560952,-0.000185299778216889,14723.399403205,164.239408411963
19.97997997998,175210369.73753,-0.000178019841109671,15324.8809784846,164.239422683709
20.02002002002,114428783.43464,-0.000171025930655028,15950.9310936881,164.239445075166
20.0600600600601,72763988.9094069,-0.000164306820314197,16602.5510768147,164.239481228221
20.1001001001001,45046702.7552593,-0.000157851726998013,17280.7814900054,164.239541416991
20.1401401401401,27165270.5283796,-0.000151650302269309,17986.7018476902,164.239644432125
20.1801801801802,15926909.0880406,-0.00014569262417342,18721.429162323,164.239824964004
20.2202202202202,9048652.98403406,-0.000139969198713574,19486.1124106512,164.240151048249
20.2602602602603,4985417.42946124,-0.000134470973807486,20281.921081279,164.240755300094
20.3003003003003,2663107.31751369,-0.000129189387705311,21110.0143723981,164.241913476741
20.3403403403403,1371725.02147769,-0.000124116504325995,21971.4702563244,164.244215856121
20.3803803803804,683451.618074148,-0.00011924529295192,22867.1290020733,164.248943364511
20.4204204204204,327802.952774544,-0.000114570302835889,23797.1982066933,164.259011371774
20.4604604604605,151222.230366663,-0.000110089140958559,24760.3358911933,164.281154045497
20.5005005005005,67095.445825749,-0.000105806405943213,25751.1402505764,164.331923700204
20.5405405405405,28583.5850549591,-0.000101742379848286,26754.0715248173,164.452181936908
20.5805805805806,11745.903129534,-9.79529367810425e-05,27728.7120659514,164.742224504123
20.6206206206206,4648.88193333021,-9.45649343191741e-05,28580.4994235055,165.430947696723
20.6606606606607,1786.25850728091,-9.18018781201053e-05,29132.747393832,166.938524134771
20.7007007007007,677.466507118503,-8.9892271149368e-05,29186.1064734883,169.721768746108
20.7407407407407,258.981049757195,-8.88211434398377e-05,28714.5782713626,173.79211977732
20.7807807807808,101.792579497022,-8.83130039435502e-05,27898.9633086416,178.654473120942
20.8208208208208,41.5756807452462,-8.80876959949506e-05,26934.0255508151,183.79901106246
20.8608608608609,17.5897427460548,-8.79891647507486e-05,25927.7664505414,188.947594138497
20.9009009009009,7.73876373355296,-8.7943847846142e-05,24928.8947792068,193.977401612883
20.9409409409409,3.55536175373968,-8.79215886868403e-05,23955.8963761781,198.844161426337
20.980980980981,1.69368703803149,-8.79092747123452e-05,23015.6605564791,203.533670230925
21.021021021021,0.838014379682877,-8.79014882458095e-05,22110.0436695593,208.044687918851
21.0610610610611,0.429073332528993,-8.78958187043392e-05,21239.0359239132,212.380704656355
21.1011011011011,0.227512831064724,-8.78911824638043e-05,20401.8596433372,216.547080213297
21.1411411411411,0.124740419427248,-8.78870630694734e-05,19597.4511124878,220.549793684922
21.1811811811812,0.0705898596346905,-8.78832100296649e-05,18824.6446281871,224.394966115909
21.2212212212212,0.0411638180165845,-8.78794995922986e-05,18082.2542499801,228.088651190586
21.2612612612613,0.0247340087425021,-8.78758676975396e-05,17369.1105500493,231.636743644333
21.3013013013013,0.0152789196894097,-8.78722802902546e-05,16684.0755566251,235.044944486485
21.3413413413413,0.00970624376955301,-8.78687188803495e-05,16026.0487796403,238.318749469809
21.3813813813814,0.00632236209668971,-8.78651729781949e-05,15393.9694571588,241.46344739004
21.4214214214214,0.00422289960299046,-8.78616366698992e-05,14786.8166255495,244.484123857283
21.4614614614615,0.00288864729521154,-8.7858106427967e-05,14203.6085608961,247.385666645762
21.5015015015015,0.00202046932636609,-8.7854580132709e-05,13643.4016701517,250.172772332043
21.5415415415415,0.00144572584008263,-8.78510564762073e-05,13105.2892454036,252.849953141911
21.5815815815816,0.00105532941159475,-8.78475346380072e-05,12588.400150439,255.421543845338
21.6216216216216,0.000783551751989333,-8.78440140796897e-05,12091.8973822807,257.891709119584
21.6616616616617,0.00059505983828494,-8.7840494463954e-05,11614.9771678707,260.264448123942
21.7017017017017,0.000461324783737196,-8.7836975552734e-05,11156.8671872158,262.543603446625
21.7417417417417,0.000363653917671508,-8.78334571847724e-05,10716.8255642334,264.732866146719
21.7817817817818,0.000291529368080899,-8.78299392533161e-05,10294.1396890321,266.835781631753
21.8218218218218,0.000237956019950035,-8.78264216841631e-05,9888.12693320392,268.855746119712
21.8618618618619,0.000197468199134923,-8.78229044211262e-05,9498.12938958597,270.796032823219
21.9019019019019,0.00016632890424997,-8.7819387423346e-05,9123.5138523878,272.659792049797
21.9419419419419,0.000142080154841452,-8.78158706621989e-05,8763.67306736169,274.450044985172
21.981981981982,0.000123050034585616,-8.78123541170383e-05,8418.02445243942,276.169690061801
22.022022022022,0.000108044951462369,-8.78088377724162e-05,8086.01021464034,277.821502379479
22.0620620620621,9.62619112800568e-05,-8.78053216173331e-05,7767.10304223904,279.408105386732
22.1021021021021,8.67750174970421e-05,-8.78018056394401e-05,7460.76929101823,280.93215403803
22.1421421421421,7.91877148547481e-05,-8.77982898325131e-05,7166.52178154568,282.396072115367
22.1821821821822,7.30323532589925e-05,-8.77947741896025e-05,6883.87700686135,283.802265130302
22.2222222222222,6.8048883656508e-05,-8.77912587061992e-05,6612.37311110442,285.153030875752
22.2622622622623,6.41076410873691e-05,-8.77877433794504e-05,6351.58685495041,286.450475021451
22.3023023023023,6.09761806999188e-05,-8.77842282052386e-05,6101.07506241412,287.696802425368
22.3423423423423,5.86017643318482e-05,-8.77807131817106e-05,5860.45213864185,288.893931470645
22.3823823823824,5.68803237279182e-05,-8.77771983064328e-05,5629.33683738557,290.043758905991
22.4224224224224,5.57629631867107e-05,-8.77736835777002e-05,5407.37631871904,291.148040154646
22.4624624624625,5.51055053398133e-05,-8.77701689924895e-05,5194.14970280385,292.208869147728
22.5025025025025,5.48732583786513e-05,-8.77666545491532e-05,4989.31872877216,293.227928775764
22.5425425425425,5.5131739794e-05,-8.77631402472341e-05,4792.62295635648,294.20651476128
22.5825825825826,5.57528996368661e-05,-8.77596260839757e-05,4603.65162456589,295.146670692711
22.6226226226226,5.67253700320721e-05,-8.77561120578226e-05,4422.08939829201,296.049965401938
22.6626626626627,5.81893798333549e-05,-8.77525981684025e-05,4247.75472854041,296.917302117197
22.7027027027027,6.00580507659667e-05,-8.77490844135705e-05,4080.26564127857,297.750581207849
22.7427427427427,6.23404662125551e-05,-8.77455707917732e-05,3919.32778107694,298.551267129159
22.7827827827828,6.51960992356804e-05,-8.77420573012659e-05,3764.80491176058,299.320037672745
22.8228228228228,6.85890227808121e-05,-8.77385439405526e-05,3616.35535406245,300.058592736058
22.8628628628629,7.25494826281095e-05,-8.77350307080314e-05,3473.70702396521,300.768285971231
22.9029029029029,7.72584199572259e-05,-8.77315175997923e-05,3336.74838632876,301.449672279663
22.9429429429429,8.27185346426864e-05,-8.77280046146555e-05,3205.17801009372,302.104251318687
22.982982982983,8.89894318150404e-05,-8.77244917505696e-05,3078.75509030471,302.733221123192
23.023023023023,9.63135983434004e-05,-8.77209790009743e-05,2957.32096748645,303.337371044453
23.0630630630631,0.000104776915324401,-8.77174663635837e-05,2840.67392575296,303.917704644311
23.1031031031031,0.000114504170045533,-8.77139538350614e-05,2728.62369884562,304.475168521393
23.1431431431431,0.000125645771207938,-8.77104414114889e-05,2620.99478382281,305.010635825025
23.1831831831832,0.000138390438822752,-8.77069290881373e-05,2517.61864177977,305.52494505762
23.2232232232232,0.000153392364771004,-8.77034168500983e-05,2418.29116747925,306.019111669101
23.2632632632633,0.000170710984415412,-8.76999046955397e-05,2322.87825130916,306.49380287169
23.3033033033033,0.000190657113830183,-8.76963926171453e-05,2231.23153337539,306.949756774841
23.3433433433433,0.000213566363693506,-8.76928806070858e-05,2143.21096361555,307.387670145585
23.3833833833834,0.00023991973356616,-8.76893686542926e-05,2058.6768359347,307.80823803987
23.4234234234234,0.000270685223877862,-8.76858567367381e-05,1977.46722299946,308.212266067754
23.4634634634635,0.000306286635234898,-8.76823448447401e-05,1899.46609227863,308.60033150615
23.5035035035035,0.000347421979733218,-8.76788329624663e-05,1824.54924582128,308.973052256332
23.5435435435435,0.000395253673495898,-8.76753210645402e-05,1752.5907373053,309.331054918339
23.5835835835836,0.000451049082977066,-8.76718091233579e-05,1683.46967699784,309.674940935157
23.6236236236236,0.000515930718150737,-8.76682971141721e-05,1617.07496094708,310.005263064206
23.6636636636637,0.000591784455837046,-8.76647849968744e-05,1553.29818809323,310.322560616248
23.7037037037037,0.00068067022610831,-8.76612727277474e-05,1492.03565688134,310.62734952158
23.7437437437437,0.000784513894062382,-8.76577602655768e-05,1433.18818644345,310.920123219478
23.7837837837838,0.00090648851185901,-8.76542475442525e-05,1376.66001761034,311.201358126706
23.8238238238238,0.0010500455235258,-8.76507344919858e-05,1322.35999787257,311.471507741552
23.8638638638639,0.0012184090795078,-8.76472210413401e-05,1270.20236974199,311.730998721296
23.9039039039039,0.00141656181720397,-8.76437070902519e-05,1220.1023330752,311.980252961396
23.9439439439439,0.00165031864157317,-8.76401925201659e-05,1171.97826563954,312.219676547353
23.983983983984,0.0019257303392047,-8.7636677207675e-05,1125.75376657137,312.449649587913
24.024024024024,0.00225195408429364,-8.76331609687219e-05,1081.35208958605,312.670553912113
24.0640640640641,0.00263736309451264,-8.76296436341472e-05,1038.70229544433,312.88274245788
24.1041041041041,0.00309449495540568,-8.76261249542078e-05,997.734718764145,313.086561827726
24.1441441441441,0.00363677179019698,-8.76226046616358e-05,958.382871342705,313.282342817876
24.1841841841842,0.00427987297457103,-8.76190824455684e-05,920.583188263259,313.470401682002
24.2242242242242,0.00504585407966863,-8.76155578730982e-05,884.274016888513,313.651045162906
24.2642642642643,0.00595524353611932,-8.76120305394719e-05,849.397190688452,313.82456265917
24.3043043043043,0.00704067010767795,-8.76084998104107e-05,815.895619872912,313.991238217488
24.3443443443443,0.00833384078917877,-8.76049650678202e-05,783.715519377383,314.15133944312
24.3843843843844,0.0098757523186356,-8.7601425517859e-05,752.8049456099,314.305124783501
24.4244244244244,0.0117205209504617,-8.75978801191446e-05,723.113328816922,314.452845856138
24.4644644644645,0.0139199741478825,-8.7594327871571e-05,694.593342350739,314.594738143329
24.5045045045045,0.016559494120031,-8.75907671473892e-05,667.197978917523,314.731035550036
24.5445445445445,0.019715246265167,-8.758719648819e-05,640.883441474091,314.861956007522
24.5845845845846,0.0234964421600234,-8.75836138196505e-05,615.607017027087,314.987712064468
24.6246246246246,0.0280364469983433,-8.75800166167772e-05,591.327529471339,315.108508631303
24.6646646646647,0.0334719161952191,-8.75764022908099e-05,568.006087273306,315.224539254178
24.7047047047047,0.0400188180391921,-8.75727667865321e-05,545.604404922971,315.335994486634
24.7447447447447,0.0478710281862819,-8.7569106450797e-05,524.086674603232,315.443052550906
24.7847847847848,0.0573207683030169,-8.75654158194948e-05,503.417883498081,315.545887739814
24.8248248248248,0.0686977616736984,-8.75616887340232e-05,483.564542477637,315.644666776575
24.8648648648649,0.0823687751534962,-8.75579183520173e-05,464.494810887833,315.739548193238
24.9049049049049,0.098882843329966,-8.7554094494146e-05,446.177434351779,315.830687647751
24.9449449449449,0.118739543691997,-8.75502078730551e-05,428.583202924964,315.918230618805
24.984984984985,0.142731198141612,-8.75462438656355e-05,411.683405243906,316.002320167092
25.025025025025,0.171673026951754,-8.75421874174271e-05,395.450829859464,316.083091899614
25.0650650650651,0.206564654711255,-8.75380201178001e-05,379.859392327654,316.160675854779
25.1051051051051,0.248805601443145,-8.75337162987542e-05,364.883662311223,316.235198894627
25.1451451451451,0.29969701837458,-8.75292520480793e-05,350.499815457562,316.306779879466
25.1851851851852,0.361410978573555,-8.75245877299629e-05,336.684368415786,316.375536124559
25.2252252252252,0.435956924601303,-8.75196866004393e-05,323.415293061102,316.441577687316
25.2652652652653,0.526095023141635,-8.75144983994314e-05,310.671282355613,316.505011161948
25.3053053053053,0.635394857017114,-8.75089583044345e-05,298.431745000427,316.565939713829
25.3453453453453,0.767348371005463,-8.75030028322878e-05,286.67732353188,316.624460369834
25.3853853853854,0.927750980855661,-8.74965273466898e-05,275.388993630654,316.68066882809
25.4254254254254,1.12173738410536,-8.74894388788709e-05,264.548992867027,316.734654438462
25.4654654654655,1.35694102144446,-8.74816000387403e-05,254.140093642219,316.78650422374
25.5055055055055,1.64245312705908,-8.74728474699906e-05,244.145815549796,316.836301692386
25.5455455455455,1.9878822242915,-8.74630085763388e-05,234.550611657409,316.884125791601
25.5855855855856,2.40835308253328,-8.74518137508429e-05,225.339389743515,316.930053853549
25.6256256256256,2.917414088147,-8.74390205988877e-05,216.498052507949,316.974158127295
25.6656656656657,3.53622292082237,-8.74242544022077e-05,208.013053416283,317.016508939796
25.7057057057057,4.28785154397033,-8.74071065981638e-05,199.871598633274,317.057173119863
25.7457457457457,5.19901880302985,-8.73871058454152e-05,192.06165571519,317.096214099835
25.7857857857858,6.3091530227653,-8.73635642113443e-05,184.571850207553,317.133693254795
25.8258258258258,7.65422813124434,-8.7335850145027e-05,177.39156776718,317.169667960341
25.8658658658659,9.29327898839805,-8.73029504653684e-05,170.511000781861,317.204193540883
25.9059059059059,11.284517401946,-8.72638608859933e-05,163.921026443689,317.237321981261
25.9459459459459,13.7028995189547,-8.72173085281595e-05,157.613366514178,317.269102411483
25.985985985986,16.6509346728342,-8.7161583904316e-05,151.580701084853,317.299581297999
26.026026026026,20.2246639843561,-8.70950661923047e-05,145.816290206634,317.328801982162
26.0660660660661,24.5896558998116,-8.70151216145381e-05,140.314899136333,317.356804772611
26.1061061061061,29.8915383275513,-8.69193699087873e-05,135.071679566356,317.383627209151
26.1461461461461,36.3420617140333,-8.68045455516902e-05,130.083219343366,317.409303508236
26.1861861861862,44.2065578576621,-8.66666707427799e-05,125.347386197139,317.433864623387
26.2262262262262,53.7519622538693,-8.65017095248009e-05,120.862700037402,317.457338760202
26.2662662662663,65.4160923018128,-8.63038594738953e-05,116.630029368915,317.479749777543
26.3063063063063,79.5870814401693,-8.60676201966321e-05,112.650510648129,317.501119241432
26.3463463463463,96.8566079394926,-8.57859384563851e-05,108.927495281879,317.52146460705
26.3863863863864,117.906915851406,-8.54509247671729e-05,105.465775506063,317.540799905833
26.4264264264264,143.485463207364,-8.50542433514965e-05,102.270035762082,317.559139023958
26.4664664664665,174.749106930978,-8.45864025687585e-05,99.3406552245672,317.576508143006
26.5065065065065,212.736856303172,-8.40372620666098e-05,96.6833276344011,317.592919479929
26.5465465465465,259.107324821569,-8.33972798538457e-05,94.30813126079,317.608376202113
26.5865865865866,315.602234155171,-8.26559033635843e-05,92.2248468992395,317.622882349896
26.6266266266266,384.32213038927,-8.18029854275939e-05,90.4439283868374,317.636441164013
26.6666666666667,468.279342051265,-8.08315474120499e-05,88.9789338773453,317.649050544029
26.7067067067067,570.249466090626,-7.9731608852123e-05,87.8442039799885,317.660705801935
26.7467467467467,694.873623556637,-7.85035687444857e-05,87.0441116628411,317.671429656048
26.7867867867868,846.535578836383,-7.71438423978058e-05,86.5900964519802,317.681227566044
26.8268268268268,1031.13801226407,-7.56544314026856e-05,86.488188739863,317.690119114338
26.8668668668669,1256.47944489759,-7.40442314591009e-05,86.7372704196981,317.698142048968
26.9069069069069,1530.06983822956,-7.23202386232217e-05,87.3406845750794,317.705324577376
26.9469469469469,1864.55083867269,-7.04955712784696e-05,88.2949218512403,317.711708858539
26.986986986987,2271.09649217613,-6.85853782297178e-05,89.5961979701418,317.717340953746
27.027027027027,2766.16731197347,-6.6604307167423e-05,91.2407438036855,317.722264578444
27.0670670670671,3369.70862226672,-6.45674974690872e-05,93.2244160311429,317.726523478294
27.1071071071071,4102.43780561373,-6.24941926657752e-05,95.5401095168466,317.730169985329
27.1471471471471,4997.26604271876,-6.03920040801147e-05,98.1901329213223,317.733230827506
27.1871871871872,6083.6522092048,-5.82786360575413e-05,101.168781380912,317.735753376721
27.2272272272272,7406.85645497408,-5.61614772075624e-05,104.480326035847,317.737760417234
27.2672672672673,9017.19452041817,-5.4046988496986e-05,108.130103039521,317.739271775845
27.3073073073073,10971.6428850959,-5.19419362873534e-05,112.12420297634,317.740305635733
27.3473473473473,13354.7825966687,-4.98454334496901e-05,116.48051493002,317.740854367333
27.3873873873874,16243.8245131906,-4.77580528656616e-05,121.212906069101,317.74091771279
27.4274274274274,19762.1785597424,-4.56757809900638e-05,126.349244137303,317.740467558468
27.4674674674675,24034.6262759682,-4.35922991251828e-05,131.918591848017,317.739471781441
27.5075075075075,29216.6991706727,-4.14987197175524e-05,137.957862697863,317.737882529339
27.5475475475475,35522.0133899005,-3.9383487189025e-05,144.517697027658,317.735625993947
27.5875875875876,43151.0203295184,-3.72322868101366e-05,151.647903233186,317.732627444395
27.6276276276276,52434.9921356932,-3.50268842134064e-05,159.423982541918,317.728765804801
27.6676676676677,63676.4890576071,-3.27470969241949e-05,167.918893401505,317.723921982501
27.7077077077077,77293.0449926611,-3.03683180211284e-05,177.226581060268,317.717938875929
27.7477477477477,93810.309797175,-2.78615455430419e-05,187.460584375161,317.710623791795
27.7877877877878,113751.927184939,-2.51958968397533e-05,198.737162804137,317.701777020157
27.8278278278278,137943.216050939,-2.23331291368717e-05,211.212335248811,317.691132999596
27.8678678678679,167131.900504696,-1.92338640297274e-05,225.039537268567,317.678425551643
27.9079079079079,202386.989783941,-1.58543205973669e-05,240.402931456881,317.663343641064
27.9479479479479,244948.504113958,-1.21469553693448e-05,257.506789188995,317.645543836446
27.987987987988,296140.711209312,-8.06187596412772e-06,276.566291992014,317.624664190927
28.028028028028,357881.771847737,-3.55577031081462e-06,297.80913305888,317.600356953377
28.0680680680681,431960.882371466,1.42531959015807e-06,321.487123902756,317.572211932091
28.1081081081081,520918.72552137,6.91266589702291e-06,347.822201655418,317.539934655192
28.1481481481481,627486.940891593,1.29405368466021e-05,377.05530149138,317.503202176473
28.1881881881882,754762.688417814,1.95347028172308e-05,409.416877802487,317.461735850817
28.2282282282282,906806.942100023,2.66763243128407e-05,445.04001826709,317.415523609002
28.2682682682683,1087567.24499682,3.43709475121644e-05,484.134020405488,317.364386859565
28.3083083083083,1302412.03983616,4.25543006472813e-05,526.719353569832,317.308606157522
28.3483483483483,1556801.72590716,5.11710605974082e-05,572.863611473771,317.248380360165
28.3883883883884,1857074.19933914,5.61518603141667e-05,613.247353854493,317.207162738651
28.4284284284284,2212567.70177194,5.39489761792125e-05,638.273710315979,317.207219444543
28.4684684684685,2633421.28569081,5.18025523407622e-05,664.259872231848,317.207436510426
28.5085085085085,3131235.4892991,4.97919351099001e-05,691.430791988932,317.207348614897
28.5485485485485,3719202.37847292,4.78519872266668e-05,719.695530891236,317.207301790182
28.5885885885886,4412468.6854126,4.59742054697819e-05,749.08599304846,317.207328614881
28.6286286286286,5228603.13596473,4.41641232476328e-05,779.665873638387,317.207384409831
28.6686686686687,6188209.72314673,4.24243267218151e-05,811.495337830598,317.207440325107
28.7087087087087,7314137.88696993,4.07552323605195e-05,844.631673643818,317.207479320888
28.7487487487487,8632905.93559206,3.91551965370448e-05,879.130153483938,317.207495902431
28.7887887887888,10175456.0899093,3.76198805526891e-05,915.042987681435,317.207499796996
28.8288288288288,11975610.7870651,3.61443615675177e-05,952.422751782586,317.20750410551
28.8688688688689,14073158.8574159,3.47275623269204e-05,991.332096589416,317.207502097178
28.9089089089089,16511023.7873111,3.33639464392387e-05,1031.82662910177,317.207511437908
28.9489489489489,19339772.8375755,3.20537119806675e-05,1073.9760357087,317.207519934161
28.988988988989,22613113.8364943,3.07937591541441e-05,1117.84535418254,317.207533403162
29.029029029029,26393737.7137301,2.95829456227853e-05,1163.5069317978,317.207547394236
29.0690690690691,30747859.1505106,2.84200660030401e-05,1211.03475919292,317.20755854256
29.1091091091091,35751188.1987124,2.73028102108352e-05,1260.50469812895,317.207569111763
29.1491491491491,41483737.7793061,2.62300475262891e-05,1311.99679725668,317.207575861536
29.1891891891892,48034214.8867878,2.51995981004537e-05,1365.59327859466,317.207581170441
29.2292292292292,55496860.0568482,2.4209760172564e-05,1421.37951879862,317.20758530689
29.2692692692693,63966831.4632469,2.32595249494565e-05,1479.44880709563,317.207585207755
29.3093093093093,73552943.9658869,2.23467724267592e-05,1539.89143451642,317.207583938067
29.3493493493493,84368034.6641491,2.14697104273393e-05,1602.80280896076,317.20758316192
29.3893893893894,96531404.013461,2.06265099866323e-05,1668.28139905235,317.207585050145
29.4294294294294,110118164.36578,1.98170275082135e-05,1736.44181343382,317.207582682402
29.4694694694695,125265212.141878,1.90392016974965e-05,1807.3874364752,317.207580127774
29.5095095095095,142096278.73497,1.82916018398108e-05,1881.22978174076,317.207578242714
29.5495495495495,160738536.95302,1.75728631794135e-05,1958.08420384888,317.207577817787
29.5895895895896,181167498.166613,1.68824016773656e-05,2038.08643115204,317.207574186147
29.6296296296296,203524180.641982,1.62188978723949e-05,2121.35847686365,317.207568535717
29.6696696696697,227904355.151392,1.55813043363861e-05,2208.03129068781,317.207560392386
29.7097097097097,254394653.21373,1.49686730685086e-05,2298.24087794886,317.207548907855
29.7497497497497,282849165.052978,1.43800092571907e-05,2392.13917315222,317.20753630027
29.7897897897898,313293726.7515,1.38144722504249e-05,2489.8736733007,317.207522226061
29.8298298298298,345705277.529382,1.32712658747289e-05,2591.5985531636,317.207506851553
29.8698698698699,379878037.764356,1.2749435142583e-05,2697.47997890996,317.207490121928
29.9099099099099,415588149.038634,1.22480876282585e-05,2807.68927081332,317.207472115655
29.9499499499499,452668075.408157,1.17664995945522e-05,2922.39987700263,317.207453320095
29.98998998999,490794044.627507,1.13038835815844e-05,3041.79626404335,317.20743385776
30.03003003003,529486903.990632,1.08594343758231e-05,3166.07403689326,317.207413498113
30.0700700700701,568377925.959991,1.04324426828346e-05,3295.42820916321,317.207392591021
30.1101101101101,606971419.646836,1.00222065922027e-05,3430.06435501231,317.207371450806
30.1501501501502,644621409.768739,9.62812569685233e-06,3570.20505875992,317.207352019619
30.1901901901902,680720316.308519,9.24954645147935e-06,3716.06933410462,317.207334584361
30.2302302302302,714563059.201222,8.88587355214873e-06,3867.88744729958,317.207320141301
30.2702702702703,745540963.871586,8.53660382698382e-06,4025.9090977674,317.207313151988
30.3103103103103,772864299.443508,8.20122046193575e-06,4190.38299887807,317.207315778765
30.3503503503504,795706870.815135,7.87924812230286e-06,4361.56751890129,317.207330888785
30.3903903903904,813591973.497082,7.57004658866781e-06,4539.74383704012,317.207352709133
30.4304304304304,826005872.686665,7.27300427917144e-06,4725.20220113806,317.207375539772
30.4704704704705,832158366.686727,6.9876647315911e-06,4918.23369954391,317.207399475171
30.5105105105105,831554803.743519,6.71348599039064e-06,5119.13432372096,317.207421386182
30.5505505505506,824185681.742801,6.44989823830895e-06,5328.22874233092,317.207435529806
30.5905905905906,809953669.177796,6.1965538308665e-06,5545.88157455388,317.20744202508
30.6306306306306,788923669.085681,5.95309890970725e-06,5772.44081311541,317.207443511123
30.6706706706707,761459895.95642,5.71919970157754e-06,6008.2675796494,317.207443689353
30.7107107107107,727885505.457521,5.49449056582548e-06,6253.7289515749,317.207443805167
30.7507507507508,688860582.764019,5.27862034209944e-06,6509.21667947222,317.207444766502
30.7907907907908,645209175.135866,5.07124210653258e-06,6775.14593820232,317.207446384212
30.8308308308308,597686900.266261,4.87201754862356e-06,7051.92936998926,317.207449260789
30.8708708708709,547279889.85734,4.68064517070007e-06,7340.02457276399,317.207454154262
30.9109109109109,495181740.127878,4.49678890975597e-06,7639.88741094375,317.207459411868
30.950950950951,442693510.726801,4.32013244559523e-06,7951.99671526449,317.207463535977
30.990990990991,390586281.523061,4.15041552783569e-06,8276.85755947598,317.207468439874
31.031031031031,340156776.147358,3.98735538078421e-06,8614.9877064213,317.207473238351
31.0710710710711,292178972.92045,3.83069801659963e-06,8966.93618771877,317.207478553557
31.1111111111111,247379740.344043,3.68019110886879e-06,9333.25473326285,317.207485089933
31.1511511511512,206277725.363326,3.53560207325151e-06,9714.54775349446,317.20749333338
31.1911911911912,169339449.697094,3.39669745246866e-06,10111.416802705,317.207503897236
31.2312312312312,136819440.09464,3.26325123037052e-06,10524.4937283299,317.207517578482
31.2712712712713,108759961.207892,3.13504785658598e-06,10954.4400432273,317.207535403554
31.3113113113113,84952368.1914979,3.0118832529321e-06,11401.9534196282,317.207559043712
31.3513513513514,65149682.6211981,2.89355860982665e-06,11867.7493555838,317.207590989866
31.3913913913914,49016554.720484,2.7798815849811e-06,12352.56546164,317.207634566401
31.4314314314314,36141609.3833454,2.67067175046215e-06,12857.1832799075,317.207695570447
31.4714714714715,26102673.7866863,2.56575406002675e-06,13382.4097621305,317.207783500983
31.5115115115115,18462452.5036255,2.4649579771807e-06,13929.070494409,317.207911032371
31.5515515515516,12776580.9584512,2.3681238319822e-06,14498.0395490553,317.208100834616
31.5915915915916,8651774.42447064,2.27509679766844e-06,15090.2126832215,317.208392269442
31.6316316316316,5712981.41209748,2.18572621450837e-06,15706.5021452106,317.208837947796
31.6716716716717,3676059.71811003,2.09987284762036e-06,16347.8600009142,317.209549811369
31.7117117117117,2302785.32842692,2.01740212939826e-06,17015.2352917968,317.210712797921
31.7517517517518,1404942.2446226,1.93818733809753e-06,17709.5483344075,317.212677664107
31.7917917917918,833358.96050525,1.86211066514818e-06,18431.6409644454,317.216073238867
31.8318318318318,479640.117731268,1.78906766952477e-06,19182.1499776995,317.222118860128
31.8718718718719,267874.085341884,1.71897396736204e-06,19961.257587971,317.233213357719
31.9119119119119,144849.759700326,1.65177876576285e-06,20768.1655782502,317.254173550329
31.951951951952,75828.2310821472,1.58749504916882e-06,21599.9073885742,317.295047783001
31.991991991992,38349.3096066517,1.52625709698147e-06,22448.8926746416,317.376918670203
32.032032032032,18754.8518349628,1.46844333206432e-06,23297.4174451894,317.544893697106
32.0720720720721,8957.89994764348,1.41487504225438e-06,24107.6419007401,317.891625791308
32.1121121121121,4100.98893387849,1.36710429970712e-06,24805.6894453038,318.594236903725
32.1521521521522,1838.90090967767,1.32759622401543e-06,25268.3026206386,319.943126359932
32.1921921921922,812.73324568781,1.29867130569862e-06,25365.7512621995,322.231426639469
32.2322322322322,361.307573737615,1.2803853576174e-06,25065.9513463261,325.499969235988
32.2722722722723,163.571877847155,1.27023928363404e-06,24462.4122032428,329.479709652618
32.3123123123123,76.2880990969007,1.26498896855999e-06,23691.5658966958,333.807014807359
32.3523523523524,36.6215041621088,1.26234540489154e-06,22850.9785676314,338.227178379087
32.3923923923924,18.2303046308338,1.26099930669207e-06,21994.9445173671,342.600860742401
32.4324324324324,9.37249064141895,1.2602873896104e-06,21149.674962013,346.862617979261
32.4724724724725,4.99767048128192,1.25988929289387e-06,20326.743238735,350.985322958837
32.5125125125125,2.7428591716706,1.259650380189e-06,19530.8886762722,354.959664369649
32.5525525525526,1.55942477853235,1.25949488285506e-06,18763.700851716,358.784476608477
32.5925925925926,0.912053514719658,1.25938380503531e-06,18025.3755203199,362.462151146165
32.6326326326326,0.549202326975945,1.25929742369986e-06,17315.4217386585,365.996773475168
32.6726726726727,0.340067951175249,1.2592250663387e-06,16633.0592378713,369.393084982993
32.7127127127127,0.216281015219106,1.25916089710249e-06,15977.3789851575,372.656062832101
32.7527527527528,0.141129852478801,1.25910163265143e-06,15347.4261363355,375.790704879615
32.7927927927928,0.0944067025630241,1.25904538297526e-06,14742.240344061,378.801926787903
32.8328328328328,0.064684000911675,1.25899102234748e-06,14160.875955641,381.694512681116
32.8728728728729,0.0453371454573585,1.25893787542741e-06,13602.4115033484,384.473093155359
32.9129129129129,0.0324694896868353,1.25888552855942e-06,13065.9544258583,387.14213618318
32.952952952953,0.0237510168770938,1.25883372014728e-06,12550.643507107,389.705943205849
32.992992992993,0.0177306244509129,1.2587822809215e-06,12055.6490404384,392.168652680101
33.033033033033,0.0134905250802138,1.25873109892684e-06,11580.1723102238,394.534245086479
33.0730730730731,0.0104543250705033,1.25868010018965e-06,11123.4452081667,396.806546190571
33.1131131131131,0.0082512454898443,1.25862923477013e-06,10684.7293928598,398.989232164908
33.1531531531532,0.0066272933647904,1.25857846725439e-06,10263.3152567707,401.08583535765
33.1931931931932,0.00541133711449785,1.25852777274808e-06,9858.52091560094,403.099749570879
33.2332332332332,0.00448788004539934,1.25847713362958e-06,9469.69116195123,405.03423546582
33.2732732732733,0.0037794193324428,1.25842653743093e-06,9096.19662154407,406.892424889826
33.3133133133133,0.00323058316242851,1.25837597487032e-06,8737.43266475038,408.677326409354
33.3533533533534,0.00280096010178098,1.25832543891296e-06,8392.81843293356,410.391830208351
33.3933933933934,0.0024614380769832,1.25827492425601e-06,8061.79592971828,412.03871263778
33.4334334334334,0.00219114752750304,1.25822442688896e-06,7743.82911296224,413.620640757056
33.4734734734735,0.00197488139378533,1.25817394372532e-06,7438.40306200241,415.140176497173
33.5135135135135,0.00180133540125159,1.25812347234274e-06,7145.02313500272,416.599780866894
33.5535535535536,0.00166244097944898,1.25807301087751e-06,6863.214445948,418.00181656018
33.5935935935936,0.00155149662849571,1.25802255773886e-06,6592.52063738602,419.348554076885
33.6336336336336,0.00146341032569082,1.25797211162664e-06,6332.50330719697,420.642174573109
33.6736736736737,0.00139441466224162,1.25792167147737e-06,6082.74135102524,421.884773135157
33.7137137137137,0.0013416801339518,1.25787123639659e-06,5842.83021941248,423.078362478658
33.7537537537538,0.00130303150493928,1.25782080560499e-06,5612.38108797849,424.22487707949
33.7937937937938,0.00127708908457413,1.25777037846423e-06,5391.02122489625,425.326171344334
33.8338338338338,0.0012625219886847,1.2577199543337e-06,5178.39142504962,426.384032382607
33.8738738738739,0.00125883119581737,1.25766953271936e-06,4974.14858021397,427.400167212654
33.9139139139139,0.00126524011502583,1.25761911304661e-06,4777.96082143691,428.376226939012
33.953953953954,0.00128162122412901,1.25756869484893e-06,4589.5115831257,429.313786524744
33.993993993994,0.00130779530937692,1.25751827759691e-06,4408.49472451327,430.214369069605
34.034034034034,0.00134397141562209,1.25746786080406e-06,4234.61774919347,431.07942978818
34.0740740740741,0.00139054791470777,1.25741744394637e-06,4067.59859965793,431.910371960043
34.1141141141141,0.0014481591804487,1.2573670264864e-06,3907.16692238936,432.708540635047
34.1541541541542,0.00151767071205229,1.25731660785505e-06,3753.06305580627,433.475227668816
34.1941941941942,0.00160041257530387,1.25726618696473e-06,3605.0229224704,434.211746894362
34.2342342342342,0.00169764900357095,1.25721576337436e-06,3462.81495053465,434.919250412869
34.2742742742743,0.00181097501924972,1.25716533640604e-06,3326.21193821195,435.598868586975
34.3143143143143,0.00194223278115611,1.25711490533262e-06,3194.997043718,436.251680236761
34.3543543543544,0.00209350147911666,1.25706446940038e-06,3068.96450886888,436.878709039366
34.3943943943944,0.00226753515326135,1.25701402756682e-06,2947.9123565861,437.480959862821
34.4344344344344,0.00246901441642731,1.25696357775095e-06,2831.62151311304,438.059522644238
34.4744744744745,0.00270063619315105,1.25691311917525e-06,2719.92102821304,438.615247884291
34.5145145145145,0.00296628771785024,1.25686265046471e-06,2612.63513527877,439.149010051608
34.5545545545546,0.00327127690753656,1.25681216972919e-06,2509.58973532913,439.661675321305
34.5945945945946,0.00362327877466894,1.25676167419172e-06,2410.60575183605,440.154134638206
34.6346346346346,0.0040280449696682,1.25671116187378e-06,2315.529255879,440.627153828414
34.6746746746747,0.00449418727126559,1.25666062984818e-06,2224.20525741718,441.081504001801
34.7147147147147,0.00503399959953735,1.256610074091e-06,2136.48171720689,441.517941591075
34.7547547547548,0.00565717540807509,1.25655949131077e-06,2052.21792005676,441.937166688793
34.7947947947948,0.00637763826453775,1.25650887696723e-06,1971.27708106588,442.339859837532
34.8348348348348,0.00721578548066549,1.25645822463208e-06,1893.52654070755,442.726681060833
34.8748748748749,0.00818748185203829,1.25640752914955e-06,1818.84242274837,443.098246681584
34.9149149149149,0.00931536616602511,1.25635678337225e-06,1747.10454533341,443.455154648455
34.954954954955,0.0106339710905738,1.25630597664694e-06,1678.19348481221,443.797999148268
34.994994994995,0.0121693783254073,1.25625510078034e-06,1612.00134739163,444.127316998655
35.035035035035,0.013958747436122,1.25620414432784e-06,1548.42210919172,444.443635723527
35.0750750750751,0.0160610041360903,1.25615308951085e-06,1487.34825950696,444.747490261213
35.1151151151151,0.0185195673501568,1.25610192301383e-06,1428.68460882974,445.039354239216
35.1551551551552,0.0213940906474627,1.25605062682529e-06,1372.33734350316,445.319694452333
35.1951951951952,0.0247776906779101,1.25599917344323e-06,1318.21211266882,445.588980389692
35.2352352352352,0.0287491874846478,1.25594753931918e-06,1266.22281503085,445.847640490546
35.2752752752753,0.0334290064099403,1.25589568913391e-06,1216.28451318915,446.096097430039
35.3153153153153,0.0389494682477876,1.25584358414983e-06,1168.31598119834,446.334755426953
35.3553553553554,0.0454574854808583,1.2557911814868e-06,1122.23985677079,446.563999487443
35.3953953953954,0.0531679053147272,1.25573841926863e-06,1077.98093456245,446.784203925386
35.4354354354354,0.0622771024006799,1.25568524061617e-06,1035.46832688179,446.995721566539
35.4754754754755,0.0730830046819109,1.25563156055802e-06,994.632756965647,447.198897274165
35.5155155155155,0.0859035741785389,1.25557728842373e-06,955.408361453976,447.394058942752
35.5555555555556,0.101103965075196,1.2555223204664e-06,917.73228187813,447.581519541745
35.5955955955956,0.119215854796324,1.25546650735534e-06,881.54262434106,447.761587317921
35.6356356356356,0.140722625320241,1.25540971259718e-06,846.781868541551,447.934548744164
35.6756756756757,0.166379688943489,1.25535172581303e-06,813.393206595124,448.100686862668
35.7157157157157,0.196968771597107,1.25529232911636e-06,781.322808666833,448.260269917312
35.7557557557558,0.233418357289052,1.25523126477953e-06,750.519202345969,448.413554484735
35.7957957957958,0.277059030885016,1.25516816671654e-06,720.932021654776,448.560791789605
35.8358358358358,0.329106339023484,1.25510269907412e-06,692.514160042251,448.702216811092
35.8758758758759,0.391503375200267,1.2550343314959e-06,665.219345429992,448.838060626303
35.9159159159159,0.466195942123676,1.25496253202191e-06,639.003825867476,448.968541791022
35.955955955956,0.55558135474605,1.25488664828097e-06,613.825649718696,449.093870055574
35.995995995996,0.663031013091309,1.25480576942665e-06,589.643945781244,449.21425009914
36.036036036036,0.791642469556515,1.25471905550592e-06,566.420496386568,449.329873343426
36.0760760760761,0.946480090833844,1.25462514926835e-06,544.117731006717,449.440928540596
36.1161161161161,1.13243925096258,1.25452273550233e-06,522.700310596734,449.547593330142
36.1561561561562,1.35579022875713,1.25441013894923e-06,502.134317235342,449.65003865279
36.1961961961962,1.62516336082228,1.2542850687684e-06,482.386875090177,449.748430869855
36.2362362362362,1.94854541080372,1.25414539722547e-06,463.427251064338,449.84292557923
36.2762762762763,2.33927857249338,1.25398761693296e-06,445.225442715712,449.933675961577
36.3163163163163,2.80978624198723,1.25380844906925e-06,427.753333408933,450.020825691162
36.3563563563564,3.37664608793634,1.25360355367925e-06,410.984058331471,450.104513117342
36.3963963963964,4.0621329689202,1.25336714172554e-06,394.891913895903,450.184872005532
36.4364364364364,4.88704140466712,1.25309378392258e-06,379.452877328649,450.262027580725
36.4764764764765,5.88683041193464,1.25277440666644e-06,364.644023315687,450.336102288826
36.5165165165165,7.0932422152426,1.252400823123e-06,350.443946756078,450.407210533829
36.5565565565566,8.55048891516023,1.25196180634789e-06,336.832621076958,450.475462013899
36.5965965965966,10.3164318006983,1.25144282262534e-06,323.791447224019,450.540961625292
36.6366366366366,12.4457945005631,1.25083002282475e-06,311.303148938309,450.603807439968
36.6766766766767,15.0329933760265,1.25010044550088e-06,299.352414588773,450.664093421562
36.7167167167167,18.159998934247,1.24923378020641e-06,287.924961554189,450.721907129664
36.7567567567568,21.9453584459335,1.24820171678614e-06,277.008528014374,450.777330888252
36.7967967967968,26.5400577474201,1.24696892021915e-06,266.592804564398,450.830441534267
36.8368368368368,32.0902740208799,1.24550075243052e-06,256.668591322806,450.88131036604
36.8768768768769,38.8447183870353,1.24374330565392e-06,247.230140221937,450.930002091545
36.9169169169169,47.0196674800582,1.24164758353474e-06,238.27224499568,450.976576635931
36.956956956957,56.9330864176967,1.2391479828036e-06,229.792890488183,451.021087169734
36.996996996997,68.9798856570608,1.23616637420641e-06,221.792752508666,451.063580469982
37.037037037037,83.5521836247222,1.23262358515131e-06,214.273751803737,451.104098211055
37.0770770770771,101.305841297655,1.228413060811e-06,207.242539815736,451.142674243327
37.1171171171171,122.813001517852,1.22343068241575e-06,200.706460147696,451.179337543039
37.1571571571572,148.92746806886,1.21755523494547e-06,194.676523761135,451.214111101046
37.1971971971972,180.681471075184,1.21065311220632e-06,189.166655468581,451.247012096567
37.2372372372372,219.128708972636,1.20258369854802e-06,184.191580392123,451.278054647408
37.2772772772773,266.005171200968,1.19321938247822e-06,179.752961166639,451.307289454883
37.3173173173173,322.827519119437,1.18240432354058e-06,175.865740770544,451.334732994764
37.3573573573574,391.888502621398,1.17002329266853e-06,172.546271106179,451.360400881314
37.3973973973974,475.882007304466,1.15597223683141e-06,169.813350640445,451.384304114963
37.4374374374374,577.636277887548,1.14013424634758e-06,167.683404310494,451.406460395824
37.4774774774775,701.673399154539,1.1225274713958e-06,166.170941939285,451.426895200514
37.5175175175175,851.986002259339,1.10309227555172e-06,165.295244316486,451.445622449664
37.5575575575576,1034.67744809114,1.08189739835821e-06,165.060993050746,451.462693625465
37.5975975975976,1256.71207006279,1.05905447075026e-06,165.469838171402,451.478169104912
37.6376376376376,1525.61043033454,1.03467762532738e-06,166.526671309515,451.492102161664
37.6776776776777,1853.1073950637,1.00897272518803e-06,168.21635424158,451.504591939949
37.7177177177177,2249.63928378115,9.82163134792751e-07,170.530866634273,451.515724797638
37.7577577577578,2731.30520342641,9.54460800869032e-07,173.456314917645,451.525595533034
37.7977977977978,3315.93159018756,9.26116181208277e-07,176.974205627893,451.534310308707
37.8378378378378,4023.34742935086,8.97408033356031e-07,181.062820613062,451.541983875922
37.8778778778779,4883.66908396392,8.6846868544692e-07,185.708199093455,451.548704269638
37.9179179179179,5923.91533269745,8.39576786250655e-07,190.883997344147,451.554593650671
37.957957957958,7186.08589579264,8.10870752984167e-07,196.579487218805,451.559730913514
37.997997997998,8715.29773588882,7.8249530082246e-07,202.781167365007,451.564200259102
38.038038038038,10563.230388674,7.54599007494381e-07,209.473411303249,451.568090177941
38.0780780780781,12806.1394680958,7.27254547368159e-07,216.65120713906,451.571462747812
38.1181181181181,15513.1443637459,7.00547803730967e-07,224.304888059297,451.574388251617
38.1581581581582,18792.3750001021,6.74531544261184e-07,232.435169815558,451.576914007645
38.1981981981982,22756.4980428288,6.49233208926884e-07,241.043851958393,451.579082520873
38.2382382382382,27538.3418986974,6.24668704973081e-07,250.133435867031,451.580934141378
38.2782782782783,33328.0790699546,6.00875698416413e-07,259.706051517702,451.582513775095
38.3183183183183,40300.0835881464,5.77834945844261e-07,269.770234872456,451.583846757162
38.3583583583584,48727.7511114564,5.55562110655871e-07,280.333149857089,451.584966055598
38.3983983983984,58887.5998109951,5.3404694786174e-07,291.405088611103,451.585895946316
38.4384384384384,71114.919823122,5.1327248057434e-07,302.998707606465,451.586655838123
38.4784784784785,85874.9673667638,4.93233299682119e-07,315.128745298371,451.587263074706
38.5185185185185,103599.660532988,4.73902692563167e-07,327.81165481918,451.587729562163
38.5585585585586,124965.51404646,4.55264287597702e-07,341.066677357927,451.58806483486
38.5985985985986,150637.515066045,4.37292057702319e-07,354.914855103567,451.588273823805
38.6386386386386,181442.98207412,4.19959010282377e-07,369.379344897942,451.588358712156
38.6786786786787,218492.519897944,4.03241692613807e-07,384.485436023823,451.58832049635
38.7187187187187,262831.835232842,3.87108084906918e-07,400.26061121309,451.588154340887
38.7587587587588,316088.643184771,3.71532455583031e-07,416.734615090618,451.587856059627
38.7987987987988,379821.563497908,3.56483649617845e-07,433.939260555366,451.587416645391
38.8388388388388,456012.765712835,3.4193077389706e-07,451.908953479631,451.586824720516
38.8788788788789,547232.670794516,3.27843898054033e-07,470.681041750591,451.586066639377
38.9189189189189,655939.687808619,3.14190322268161e-07,490.294440125152,451.585125603025
38.958958958959,785908.807524866,3.00937473750836e-07,510.792852385237,451.583980941441
38.998998998999,940676.304764641,2.88051790408297e-07,532.221094027332,451.582609973099
39.039039039039,1124810.45061835,2.75498916021296e-07,554.627835873268,451.580986535808
39.0790790790791,1344024.7508731,2.63243625827618e-07,578.065732729406,451.579080972708
39.1191191191191,1603882.42170092,2.51250011936232e-07,602.589104785874,451.576861149115
39.1591591591592,1912708.15223472,2.39483089297194e-07,628.257186542147,451.574293612635
39.1991991991992,2278201.89304984,2.27905956482023e-07,655.131269842954,451.571340617283
39.2392392392392,2710351.17879539,2.16483922815442e-07,683.275767519944,451.567965278987
39.2792792792793,3221189.06815037,2.05184534681881e-07,712.757826519629,451.564131708394
39.3193193193193,3822730.33138559,1.9397283093135e-07,743.648042568213,451.559798600149
39.3593593593594,4531930.10957393,1.82828114415935e-07,776.014300606662,451.554943181096
39.3993993993994,5364837.28150338,1.71721603691084e-07,809.931165551934,451.549528879877
39.4394394394394,6341870.71622093,1.61132113851669e-07,845.173090252268,451.544241661306
39.4794794794795,7486779.92206647,1.51963253442468e-07,881.263549052671,451.54037177458
39.5195195195195,8823446.27494435,1.44719581356296e-07,917.968409298683,451.538638165581
39.5595595595596,10385119.1163103,1.38150939000306e-07,955.976610521557,451.537412063256
39.5995995995996,12202997.3807357,1.32574395364346e-07,995.130764630742,451.537192169355
39.6396396396396,14315028.2828847,1.27739479704771e-07,1035.59392504085,451.53769087798
39.6796796796797,16766118.1414551,1.23324486676032e-07,1077.59963127865,451.538483968412
39.7197197197197,19601019.3266662,1.18851562353369e-07,1121.42785973738,451.538986396696
39.7597597597598,22875332.1002475,1.14578252224241e-07,1167.02718390931,451.539531189644
39.7997997997998,26646270.9656471,1.10306698826801e-07,1214.57349440033,451.539857687846
39.8398398398398,30976926.8058426,1.05930711309421e-07,1264.20143325104,451.539823164427
39.8798798798799,35939070.037203,1.01654394760983e-07,1315.88533658271,451.539705464197
39.9199199199199,41606586.0429813,9.75206035253775e-08,1369.70155190174,451.53954165616
39.95995995996,48061160.0393473,9.35781727295214e-08,1425.70968806581,451.539403325668
40,55390716.640225,8.98621698491509e-08,1483.97331663825,451.539353471518
